object23,0,144,002B3DB9,0,1,1,4294967295,0,0
object23,0,176,0009F7DC,0,1,1,4294967295,0,0
Mike Caver,48,160,002D9EF3,0,1,1,4294967295,0,0
object1,0,112,000F9DB6,0,1,1,4294967295,0,0
object1,32,112,000C30D8,0,1,1,4294967295,0,0
object1,64,112,003EFD6A,0,1,1,4294967295,0,0
object1,0,208,002F1912,0,1,1,4294967295,0,0
object1,32,208,00160504,0,1,1,4294967295,0,0
object1,64,208,000455E0,0,1,1,4294967295,0,0
object1,96,240,0023344F,0,1,1,4294967295,0,0
object1,128,272,0037B4B3,0,1,1,4294967295,0,0
object1,96,112,001FD122,0,1,1,4294967295,0,0
object1,128,112,0011DE28,0,1,1,4294967295,0,0
object1,160,144,0000DC21,0,1,1,4294967295,0,0
object1,192,176,0007664C,0,1,1,4294967295,0,0
object1,224,208,00273305,0,1,1,4294967295,0,0
object1,160,304,0025094A,0,1,1,4294967295,0,0
object1,192,336,003C2674,0,1,1,4294967295,0,0
object1,224,336,003C83A6,0,1,1,4294967295,0,0
object1,256,336,000686B2,0,1,1,4294967295,0,0
object1,288,336,0011C015,0,1,1,4294967295,0,0
object1,320,336,00365020,0,1,1,4294967295,0,0
object1,320,304,0023057C,0,1,1,4294967295,0,0
object1,320,272,001D8A7E,0,1,1,4294967295,0,0
object1,320,240,00028FC9,0,1,1,4294967295,0,0
object1,320,208,00382B52,0,1,1,4294967295,0,0
object1,320,176,001D3A44,0,1,1,4294967295,0,0
object1,320,144,001A12E6,0,1,1,4294967295,0,0
object1,288,128,00269990,0,1,1,4294967295,0,0
object1,256,96,0003FE3C,0,1,1,4294967295,0,0
object1,144,80,001F680E,0,1,1,4294967295,0,0
object1,144,48,00380E6D,0,1,1,4294967295,0,0
object1,144,16,002611EB,0,1,1,4294967295,0,0
object1,144,0,000C64C4,0,1,1,4294967295,0,0
object1,176,0,0017E398,0,1,1,4294967295,0,0
object1,208,0,00126294,0,1,1,4294967295,0,0
object1,240,0,003A6420,0,1,1,4294967295,0,0
object1,272,0,00115BAE,0,1,1,4294967295,0,0
object1,304,0,00243E9F,0,1,1,4294967295,0,0
object1,336,0,0039702B,0,1,1,4294967295,0,0
object1,368,0,0010AEC9,0,1,1,4294967295,0,0
object1,400,32,004028AE,0,1,1,4294967295,0,0
object1,432,64,0005EF78,0,1,1,4294967295,0,0
object1,448,96,0006F629,0,1,1,4294967295,0,0
object1,448,128,0036E613,0,1,1,4294967295,0,0
object1,480,144,0037F911,0,1,1,4294967295,0,0
object1,512,144,001BFA7C,0,1,1,4294967295,0,0
object1,544,144,0007A160,0,1,1,4294967295,0,0
object1,576,160,0017EF5F,0,1,1,4294967295,0,0
object1,608,160,002EEF8D,0,1,1,4294967295,0,0
object1,608,256,00307F4A,0,1,1,4294967295,0,0
object1,576,256,000F571F,0,1,1,4294967295,0,0
object1,544,256,002A3B3E,0,1,1,4294967295,0,0
object1,320,448,003A2E1A,0,1,1,4294967295,0,0
object1,320,432,00018450,0,1,1,4294967295,0,0
object1,512,256,002F469F,0,1,1,4294967295,0,0
object1,480,256,0032D037,0,1,1,4294967295,0,0
object1,448,256,00127AC0,0,1,1,4294967295,0,0
object1,416,256,00368BB1,0,1,1,4294967295,0,0
object1,416,288,0007B5BC,0,1,1,4294967295,0,0
object1,352,336,001F0898,0,1,1,4294967295,0,0
object1,352,448,003D821B,0,1,1,4294967295,0,0
object1,384,448,0001C184,0,1,1,4294967295,0,0
guard ghosts,320,368,0008856C,0,1,1,4294967295,0,0
guard ghosts,320,400,003C6BC4,0,1,1,4294967295,0,0
object21,608,208,000DA31E,0,1,1,4294967295,0,0
Boss door,576,192,00095E1C,0,1,1,4294967295,0,0
Boss door,576,224,003A8642,0,1,1,4294967295,0,0
detonator 1,528,304,0028EA18,0,1,1,4294967295,0,0
Boss key,48,272,0007B294,0,1,1,4294967295,0,0
object1,0,240,0030A0AB,0,1,1,4294967295,0,0
object1,0,272,000475A1,0,1,1,4294967295,0,0
object1,0,304,002A9746,0,1,1,4294967295,0,0
object1,0,336,003C4AB7,0,1,1,4294967295,0,0
object1,0,368,003C49B0,0,1,1,4294967295,0,0
object1,0,400,002C08E6,0,1,1,4294967295,0,0
object1,0,432,00248B6E,0,1,1,4294967295,0,0
object1,0,464,0001B408,0,1,1,4294967295,0,0
object1,32,464,0011F4A0,0,1,1,4294967295,0,0
object1,64,464,001A4019,0,1,1,4294967295,0,0
object1,96,464,00387246,0,1,1,4294967295,0,0
object1,128,464,00067C09,0,1,1,4294967295,0,0
object1,160,464,0025F569,0,1,1,4294967295,0,0
object1,192,464,000CC700,0,1,1,4294967295,0,0
object1,224,464,002C8A61,0,1,1,4294967295,0,0
object1,256,464,003C79D7,0,1,1,4294967295,0,0
object1,288,464,0038A38F,0,1,1,4294967295,0,0
object1,416,448,001A5B88,0,1,1,4294967295,0,0
object1,448,448,0003C9D8,0,1,1,4294967295,0,0
object1,480,448,003AA243,0,1,1,4294967295,0,0
object1,512,448,001A379D,0,1,1,4294967295,0,0
object1,544,448,000DB361,0,1,1,4294967295,0,0
object1,576,448,00012CF9,0,1,1,4294967295,0,0
object1,608,448,003A999C,0,1,1,4294967295,0,0
object1,608,288,0035B913,0,1,1,4294967295,0,0
object1,608,320,0025F1A3,0,1,1,4294967295,0,0
object1,608,352,00213B50,0,1,1,4294967295,0,0
object1,608,384,00262C36,0,1,1,4294967295,0,0
object1,608,416,00341C50,0,1,1,4294967295,0,0
