object1,0,288,001E4F2D,0,1,1,4294967295,0,0
object1,32,288,000A5810,0,1,1,4294967295,0,0
object1,64,288,00204D08,0,1,1,4294967295,0,0
object1,96,288,00133474,0,1,1,4294967295,0,0
object1,128,288,00032AC2,0,1,1,4294967295,0,0
object1,160,288,00225CD9,0,1,1,4294967295,0,0
object1,192,288,0013ECE5,0,1,1,4294967295,0,0
object1,224,288,0026E91A,0,1,1,4294967295,0,0
object1,256,288,00330D54,0,1,1,4294967295,0,0
object1,288,288,0029DA05,0,1,1,4294967295,0,0
object1,320,288,00209206,0,1,1,4294967295,0,0
object1,352,288,003C2E96,0,1,1,4294967295,0,0
object1,384,288,002476EA,0,1,1,4294967295,0,0
object1,416,288,00012722,0,1,1,4294967295,0,0
object1,448,288,00195CA9,0,1,1,4294967295,0,0
object1,480,288,0017FA72,0,1,1,4294967295,0,0
object1,512,288,0018D166,0,1,1,4294967295,0,0
object1,544,288,0021AC3F,0,1,1,4294967295,0,0
object1,576,288,000AEA36,0,1,1,4294967295,0,0
object1,608,288,001A6087,0,1,1,4294967295,0,0
object1,0,320,0002A542,0,1,1,4294967295,0,0
object1,32,320,001D6021,0,1,1,4294967295,0,0
object1,64,320,002D1C65,0,1,1,4294967295,0,0
object1,96,320,0012774D,0,1,1,4294967295,0,0
object1,128,320,003C646C,0,1,1,4294967295,0,0
object1,160,320,002A7C8C,0,1,1,4294967295,0,0
object1,192,320,000002FF,0,1,1,4294967295,0,0
object1,224,320,0030E95B,0,1,1,4294967295,0,0
object1,256,320,000A4F20,0,1,1,4294967295,0,0
object1,288,320,003039F8,0,1,1,4294967295,0,0
object1,320,320,003EFF84,0,1,1,4294967295,0,0
object1,352,320,0017BC87,0,1,1,4294967295,0,0
object1,384,320,003D83C4,0,1,1,4294967295,0,0
object1,416,320,0023D24D,0,1,1,4294967295,0,0
object1,448,320,0018B20C,0,1,1,4294967295,0,0
object1,480,320,001EDED3,0,1,1,4294967295,0,0
object1,512,320,000C28FC,0,1,1,4294967295,0,0
object1,544,320,000EF310,0,1,1,4294967295,0,0
object1,576,320,003E7A0D,0,1,1,4294967295,0,0
object1,608,320,002B4E65,0,1,1,4294967295,0,0
object1,0,352,001B0FE6,0,1,1,4294967295,0,0
object1,32,352,002B16E7,0,1,1,4294967295,0,0
object1,64,352,00157B89,0,1,1,4294967295,0,0
object1,96,352,001048E4,0,1,1,4294967295,0,0
object1,128,352,002AEBC9,0,1,1,4294967295,0,0
object1,160,352,000BA20D,0,1,1,4294967295,0,0
object1,192,352,003CA689,0,1,1,4294967295,0,0
object1,224,352,003C1F3A,0,1,1,4294967295,0,0
object1,256,352,0001B55C,0,1,1,4294967295,0,0
object1,288,352,00257201,0,1,1,4294967295,0,0
object1,320,352,00133B9E,0,1,1,4294967295,0,0
object1,352,352,0000AE67,0,1,1,4294967295,0,0
object1,384,352,002B70C6,0,1,1,4294967295,0,0
object1,416,352,00088DE0,0,1,1,4294967295,0,0
object1,448,352,0011C118,0,1,1,4294967295,0,0
object1,480,352,0021EC78,0,1,1,4294967295,0,0
object1,512,352,003EBE10,0,1,1,4294967295,0,0
object1,544,352,003EB715,0,1,1,4294967295,0,0
object1,576,352,00026DF3,0,1,1,4294967295,0,0
object1,608,352,0012D6FE,0,1,1,4294967295,0,0
object1,0,384,002A5C1C,0,1,1,4294967295,0,0
object1,32,384,0001268D,0,1,1,4294967295,0,0
object1,64,384,0007C5B4,0,1,1,4294967295,0,0
object1,96,384,002F4185,0,1,1,4294967295,0,0
object1,128,384,0015A47B,0,1,1,4294967295,0,0
object1,160,384,001ADF19,0,1,1,4294967295,0,0
object1,192,384,00239878,0,1,1,4294967295,0,0
object1,224,384,003BCC48,0,1,1,4294967295,0,0
object1,256,384,0034895B,0,1,1,4294967295,0,0
object1,288,384,00066113,0,1,1,4294967295,0,0
object1,320,384,000764D7,0,1,1,4294967295,0,0
object1,352,384,00159B29,0,1,1,4294967295,0,0
object1,384,384,003DBAC7,0,1,1,4294967295,0,0
object1,416,384,003DF9EB,0,1,1,4294967295,0,0
object1,448,384,00060C77,0,1,1,4294967295,0,0
object1,480,384,0001F17C,0,1,1,4294967295,0,0
object1,512,384,0003A046,0,1,1,4294967295,0,0
object1,544,384,002F05F3,0,1,1,4294967295,0,0
object1,576,384,000A6304,0,1,1,4294967295,0,0
object1,608,384,00202695,0,1,1,4294967295,0,0
object1,0,416,003E18D6,0,1,1,4294967295,0,0
object1,32,416,00246E61,0,1,1,4294967295,0,0
object1,64,416,000D7917,0,1,1,4294967295,0,0
object1,96,416,0012273E,0,1,1,4294967295,0,0
object1,128,416,0020386B,0,1,1,4294967295,0,0
object1,160,416,003BAA8C,0,1,1,4294967295,0,0
object1,192,416,00116D75,0,1,1,4294967295,0,0
object1,224,416,00401198,0,1,1,4294967295,0,0
object1,256,416,00327546,0,1,1,4294967295,0,0
object1,288,416,0013602E,0,1,1,4294967295,0,0
object1,320,416,00386DB3,0,1,1,4294967295,0,0
object1,352,416,0024D28C,0,1,1,4294967295,0,0
object1,384,416,0024C8C6,0,1,1,4294967295,0,0
object1,416,416,002FBBC9,0,1,1,4294967295,0,0
object1,448,416,001DF33B,0,1,1,4294967295,0,0
object1,480,416,002E1007,0,1,1,4294967295,0,0
object1,512,416,003159F4,0,1,1,4294967295,0,0
object1,544,416,0019F3CD,0,1,1,4294967295,0,0
object1,576,416,002C472E,0,1,1,4294967295,0,0
object1,608,416,003A9DFC,0,1,1,4294967295,0,0
object1,0,448,00281BF9,0,1,1,4294967295,0,0
object1,32,448,001DA44A,0,1,1,4294967295,0,0
object1,64,448,003002DF,0,1,1,4294967295,0,0
object1,96,448,002086E3,0,1,1,4294967295,0,0
object1,128,448,0016C873,0,1,1,4294967295,0,0
object1,160,448,0007A3BA,0,1,1,4294967295,0,0
object1,192,448,0005F8CA,0,1,1,4294967295,0,0
object1,224,448,002B5B96,0,1,1,4294967295,0,0
object1,256,448,000967AC,0,1,1,4294967295,0,0
object1,288,448,00272CD5,0,1,1,4294967295,0,0
object1,320,448,0007E4C9,0,1,1,4294967295,0,0
object1,352,448,00141FCC,0,1,1,4294967295,0,0
object1,384,448,0033DDF1,0,1,1,4294967295,0,0
object1,416,448,00175F46,0,1,1,4294967295,0,0
object1,448,448,002DBABA,0,1,1,4294967295,0,0
object1,480,448,0009D425,0,1,1,4294967295,0,0
object1,512,448,0021F2A5,0,1,1,4294967295,0,0
object1,544,448,0031879E,0,1,1,4294967295,0,0
object1,576,448,002D2097,0,1,1,4294967295,0,0
object1,608,448,00299196,0,1,1,4294967295,0,0
object1,0,0,002061EB,0,1,1,4294967295,0,0
object1,32,0,000CEDE0,0,1,1,4294967295,0,0
object1,96,0,002D9E6F,0,1,1,4294967295,0,0
object1,128,0,001B1D8D,0,1,1,4294967295,0,0
object1,160,0,0018A5C3,0,1,1,4294967295,0,0
object1,192,0,000DDD80,0,1,1,4294967295,0,0
object1,224,0,0036725C,0,1,1,4294967295,0,0
object1,256,0,00166087,0,1,1,4294967295,0,0
object1,288,0,00334A14,0,1,1,4294967295,0,0
object1,320,0,00083AB8,0,1,1,4294967295,0,0
object1,352,0,000EF445,0,1,1,4294967295,0,0
object1,384,0,0021307A,0,1,1,4294967295,0,0
object1,416,0,001C4A6A,0,1,1,4294967295,0,0
object1,448,0,00165D25,0,1,1,4294967295,0,0
object1,480,0,0019209A,0,1,1,4294967295,0,0
object1,512,0,002B6320,0,1,1,4294967295,0,0
object1,544,0,001C0A4F,0,1,1,4294967295,0,0
object1,576,0,000B2C87,0,1,1,4294967295,0,0
object1,608,0,003A0785,0,1,1,4294967295,0,0
object1,64,0,003B4290,0,1,1,4294967295,0,0
object1,0,32,003FB3D1,0,1,1,4294967295,0,0
object1,32,32,003D8EA2,0,1,1,4294967295,0,0
object1,64,32,003AF047,0,1,1,4294967295,0,0
object1,96,32,002CD813,0,1,1,4294967295,0,0
object1,128,32,0022D9DF,0,1,1,4294967295,0,0
object1,160,32,003446EB,0,1,1,4294967295,0,0
object1,192,32,00187872,0,1,1,4294967295,0,0
object1,224,32,0018413F,0,1,1,4294967295,0,0
object1,256,32,003A584B,0,1,1,4294967295,0,0
object1,288,32,0012B855,0,1,1,4294967295,0,0
object1,320,32,00066F32,0,1,1,4294967295,0,0
object1,352,32,0000887C,0,1,1,4294967295,0,0
object1,384,32,000A5404,0,1,1,4294967295,0,0
object1,416,32,002C6750,0,1,1,4294967295,0,0
object1,448,32,003F8676,0,1,1,4294967295,0,0
object1,480,32,003FA06E,0,1,1,4294967295,0,0
object1,512,32,000DE9F4,0,1,1,4294967295,0,0
object1,544,32,003BE485,0,1,1,4294967295,0,0
object1,576,32,00072E79,0,1,1,4294967295,0,0
object1,608,32,002FB8CA,0,1,1,4294967295,0,0
object1,448,64,00177E6E,0,1,1,4294967295,0,0
object1,480,64,000A227C,0,1,1,4294967295,0,0
object1,512,64,00195467,0,1,1,4294967295,0,0
object1,544,64,002A9BA8,0,1,1,4294967295,0,0
object1,576,64,000F40A2,0,1,1,4294967295,0,0
object1,608,64,001FA62E,0,1,1,4294967295,0,0
object1,0,64,00058681,0,1,1,4294967295,0,0
object1,32,64,003AAADE,0,1,1,4294967295,0,0
object1,64,64,003BBA8A,0,1,1,4294967295,0,0
object1,96,64,0027F5F2,0,1,1,4294967295,0,0
object1,128,64,00173BA7,0,1,1,4294967295,0,0
object1,160,64,0035C0FF,0,1,1,4294967295,0,0
object1,192,64,00124D6B,0,1,1,4294967295,0,0
object1,224,64,0007DAC8,0,1,1,4294967295,0,0
object1,256,64,0029BBAC,0,1,1,4294967295,0,0
object1,288,64,000392D5,0,1,1,4294967295,0,0
object1,320,64,0023B621,0,1,1,4294967295,0,0
object1,352,64,002D94D1,0,1,1,4294967295,0,0
object1,384,64,0023F06D,0,1,1,4294967295,0,0
object1,416,64,0022A6AE,0,1,1,4294967295,0,0
object1,0,96,003BE49A,0,1,1,4294967295,0,0
object1,32,96,0035025B,0,1,1,4294967295,0,0
object1,64,96,0020EA00,0,1,1,4294967295,0,0
object1,96,96,000C3BC6,0,1,1,4294967295,0,0
object1,128,96,002B5B6F,0,1,1,4294967295,0,0
object1,160,96,000F64BF,0,1,1,4294967295,0,0
object1,192,96,001BE80F,0,1,1,4294967295,0,0
object1,224,96,00308410,0,1,1,4294967295,0,0
object1,256,96,0035BA28,0,1,1,4294967295,0,0
object1,288,96,0025D1CC,0,1,1,4294967295,0,0
object1,320,96,0007EB22,0,1,1,4294967295,0,0
object1,352,96,0005CD1D,0,1,1,4294967295,0,0
object1,384,96,00336449,0,1,1,4294967295,0,0
object1,416,96,0000CEAC,0,1,1,4294967295,0,0
object1,448,96,00097C0F,0,1,1,4294967295,0,0
object1,480,96,00065BBC,0,1,1,4294967295,0,0
object1,512,96,000834AD,0,1,1,4294967295,0,0
object1,544,96,00153CF3,0,1,1,4294967295,0,0
object1,576,96,0018DA57,0,1,1,4294967295,0,0
object1,608,96,0037BADF,0,1,1,4294967295,0,0
object1,0,128,001CC3C9,0,1,1,4294967295,0,0
object1,32,128,001A3A65,0,1,1,4294967295,0,0
object1,64,128,0024C9FA,0,1,1,4294967295,0,0
object1,96,128,003408FA,0,1,1,4294967295,0,0
object1,128,128,001749DB,0,1,1,4294967295,0,0
object1,160,128,0029EE07,0,1,1,4294967295,0,0
object1,192,128,001C5553,0,1,1,4294967295,0,0
object1,224,128,0037B7D9,0,1,1,4294967295,0,0
object1,256,128,0027F088,0,1,1,4294967295,0,0
object1,288,128,00334479,0,1,1,4294967295,0,0
object1,320,128,0016C0AE,0,1,1,4294967295,0,0
object1,352,128,00033043,0,1,1,4294967295,0,0
object1,384,128,00021CE2,0,1,1,4294967295,0,0
object1,416,128,001A3EFD,0,1,1,4294967295,0,0
object1,448,128,002027F2,0,1,1,4294967295,0,0
object1,480,128,00388B03,0,1,1,4294967295,0,0
object1,512,128,0036F0D3,0,1,1,4294967295,0,0
object1,544,128,003175FC,0,1,1,4294967295,0,0
object1,576,128,000227EE,0,1,1,4294967295,0,0
object1,608,128,0021983C,0,1,1,4294967295,0,0
object1,0,160,0029920B,0,1,1,4294967295,0,0
object1,32,160,00058BE7,0,1,1,4294967295,0,0
object1,64,160,0030DDA7,0,1,1,4294967295,0,0
object1,96,160,002A7626,0,1,1,4294967295,0,0
object1,128,160,0034ADDB,0,1,1,4294967295,0,0
object1,160,160,000AA732,0,1,1,4294967295,0,0
object1,192,160,000EFE4B,0,1,1,4294967295,0,0
object1,224,160,0019B7A8,0,1,1,4294967295,0,0
object1,256,160,001766AA,0,1,1,4294967295,0,0
object1,288,160,0000116D,0,1,1,4294967295,0,0
object1,320,160,00175774,0,1,1,4294967295,0,0
object1,352,160,00311956,0,1,1,4294967295,0,0
object1,384,160,001FDFEC,0,1,1,4294967295,0,0
object1,416,160,003BE428,0,1,1,4294967295,0,0
object1,448,160,003A2341,0,1,1,4294967295,0,0
object1,480,160,00241C72,0,1,1,4294967295,0,0
object1,512,160,000CCDAD,0,1,1,4294967295,0,0
object1,544,160,00134D3E,0,1,1,4294967295,0,0
object1,576,160,001B8508,0,1,1,4294967295,0,0
object1,608,160,002C4E0F,0,1,1,4294967295,0,0
object21,608,224,003A22E8,0,1,1,4294967295,0,0
object23,0,256,0032065B,0,1,1,4294967295,0,0
object23,0,224,002905C8,0,1,1,4294967295,0,0
object23,0,192,00098CDB,0,1,1,4294967295,0,0
Mike Caver,32,224,0032679B,0,1,1,4294967295,0,0
