object21,608,48,002D0004,0,1,1,4294967295,0,0
Mike Caver,64,416,0009E0FD,0,1,1,4294967295,0,0
door,416,176,00272BB9,0,1,1,4294967295,0,0
door,448,176,0010E000,0,1,1,4294967295,0,0
key,560,320,0035B4DE,0,1,1,4294967295,0,0
object37,0,0,002A295D,0,1,1,4294967295,0,0
object37,0,32,0038A46C,0,1,1,4294967295,0,0
object37,0,64,0026CF54,0,1,1,4294967295,0,0
object37,0,96,00164420,0,1,1,4294967295,0,0
object37,0,128,002D182B,0,1,1,4294967295,0,0
object37,0,160,003A1F5B,0,1,1,4294967295,0,0
object37,0,192,0018EC51,0,1,1,4294967295,0,0
object37,0,224,000545C9,0,1,1,4294967295,0,0
object37,0,256,003486AF,0,1,1,4294967295,0,0
object37,0,288,001DAA9E,0,1,1,4294967295,0,0
object37,0,320,0001F4F8,0,1,1,4294967295,0,0
object37,0,352,00182EB1,0,1,1,4294967295,0,0
object37,0,384,002C5B15,0,1,1,4294967295,0,0
object37,0,416,00356CC3,0,1,1,4294967295,0,0
object37,0,448,00388CA8,0,1,1,4294967295,0,0
object37,32,448,002094D0,0,1,1,4294967295,0,0
object37,64,448,0009E618,0,1,1,4294967295,0,0
object37,96,448,0009CBAD,0,1,1,4294967295,0,0
object37,128,448,000F1611,0,1,1,4294967295,0,0
object37,160,448,002EFC1C,0,1,1,4294967295,0,0
object37,192,448,000347CE,0,1,1,4294967295,0,0
object37,224,448,000B132B,0,1,1,4294967295,0,0
object37,256,448,00110193,0,1,1,4294967295,0,0
object37,288,448,0034784C,0,1,1,4294967295,0,0
object37,320,448,00253023,0,1,1,4294967295,0,0
object37,352,448,001AE642,0,1,1,4294967295,0,0
object37,384,448,0003F287,0,1,1,4294967295,0,0
object37,416,448,000F963C,0,1,1,4294967295,0,0
object37,448,448,003F0FC6,0,1,1,4294967295,0,0
object37,480,448,00062A29,0,1,1,4294967295,0,0
object37,512,448,0013FD15,0,1,1,4294967295,0,0
object37,544,448,001FAB3A,0,1,1,4294967295,0,0
object37,576,448,002CC14F,0,1,1,4294967295,0,0
object37,608,448,0010549C,0,1,1,4294967295,0,0
object37,496,416,00144FD0,0,1,1,4294967295,0,0
object37,480,384,0006ED77,0,1,1,4294967295,0,0
object37,464,288,00143504,0,1,1,4294967295,0,0
object37,448,256,000160F7,0,1,1,4294967295,0,0
object37,384,256,0016EBEB,0,1,1,4294967295,0,0
object37,416,256,001B5A76,0,1,1,4294967295,0,0
object37,480,176,003DBB92,0,1,1,4294967295,0,0
object37,480,208,003D5AF0,0,1,1,4294967295,0,0
object37,480,240,0027F7A3,0,1,1,4294967295,0,0
object37,512,176,000B4E94,0,1,1,4294967295,0,0
object37,544,176,003D9DF0,0,1,1,4294967295,0,0
object37,576,144,00334242,0,1,1,4294967295,0,0
object37,608,96,000CA4A0,0,1,1,4294967295,0,0
object37,608,128,0016CD72,0,1,1,4294967295,0,0
object37,608,160,00391ED2,0,1,1,4294967295,0,0
object37,608,192,000CDF4B,0,1,1,4294967295,0,0
object37,608,224,0035FDC4,0,1,1,4294967295,0,0
object37,608,256,0003118E,0,1,1,4294967295,0,0
object37,608,288,00193CC7,0,1,1,4294967295,0,0
object37,608,320,000C50DC,0,1,1,4294967295,0,0
object37,608,352,002267E2,0,1,1,4294967295,0,0
object37,608,384,0008203E,0,1,1,4294967295,0,0
object37,608,416,00160499,0,1,1,4294967295,0,0
object37,288,352,001D2387,0,1,1,4294967295,0,0
object37,320,352,00035712,0,1,1,4294967295,0,0
object37,352,352,003F82A7,0,1,1,4294967295,0,0
object37,384,352,000E9CFC,0,1,1,4294967295,0,0
object37,288,0,002C9717,0,1,1,4294967295,0,0
object37,288,32,00403223,0,1,1,4294967295,0,0
object37,288,64,0030F020,0,1,1,4294967295,0,0
object37,288,96,0037E048,0,1,1,4294967295,0,0
object37,288,128,002AD2E2,0,1,1,4294967295,0,0
object37,288,160,0006B7A8,0,1,1,4294967295,0,0
object37,288,192,0029C83C,0,1,1,4294967295,0,0
object37,288,224,003541BE,0,1,1,4294967295,0,0
object37,288,256,002889DC,0,1,1,4294967295,0,0
object37,288,288,002DC4E0,0,1,1,4294967295,0,0
object37,288,320,00159446,0,1,1,4294967295,0,0
object37,32,0,0006CDF3,0,1,1,4294967295,0,0
object37,64,0,00138253,0,1,1,4294967295,0,0
object37,96,0,002E141E,0,1,1,4294967295,0,0
object37,128,0,00275F14,0,1,1,4294967295,0,0
object37,160,0,000027C4,0,1,1,4294967295,0,0
object37,192,0,00263572,0,1,1,4294967295,0,0
object37,224,0,001C1FF7,0,1,1,4294967295,0,0
object37,256,0,002B5D9E,0,1,1,4294967295,0,0
object37,320,0,000FD156,0,1,1,4294967295,0,0
object37,352,0,002B7026,0,1,1,4294967295,0,0
object37,384,0,0009B190,0,1,1,4294967295,0,0
object37,416,0,002EE54F,0,1,1,4294967295,0,0
object37,448,0,002FD0B6,0,1,1,4294967295,0,0
object37,480,0,000BB3CF,0,1,1,4294967295,0,0
object37,512,0,0011BCD7,0,1,1,4294967295,0,0
object37,544,0,00372549,0,1,1,4294967295,0,0
object37,576,0,00249E46,0,1,1,4294967295,0,0
object37,608,0,0025ABE4,0,1,1,4294967295,0,0
object37,128,96,001C7CBA,0,1,1,4294967295,0,0
object37,128,128,0012CDB8,0,1,1,4294967295,0,0
object37,128,160,0003010B,0,1,1,4294967295,0,0
object37,128,192,00031FBF,0,1,1,4294967295,0,0
object37,128,224,003BC91D,0,1,1,4294967295,0,0
object37,128,256,00229A7B,0,1,1,4294967295,0,0
object37,128,288,00023281,0,1,1,4294967295,0,0
object37,128,320,00129224,0,1,1,4294967295,0,0
object37,128,352,000CE571,0,1,1,4294967295,0,0
object37,128,384,00004D54,0,1,1,4294967295,0,0
object37,128,416,0031F331,0,1,1,4294967295,0,0
object37,320,176,00117FB6,0,1,1,4294967295,0,0
object37,352,176,00222305,0,1,1,4294967295,0,0
object37,384,176,0004ABDF,0,1,1,4294967295,0,0
object37,432,32,003BBBA1,0,1,1,4294967295,0,0
object37,400,48,0030F851,0,1,1,4294967295,0,0
object37,384,64,003D8666,0,1,1,4294967295,0,0
object37,368,80,00316468,0,1,1,4294967295,0,0
object37,368,112,00271E5C,0,1,1,4294967295,0,0
object37,368,144,00020EB2,0,1,1,4294967295,0,0
training (midi),640,480,0001BBBF,0,1,1,4294967295,0,0
