object1,0,0,0030C83E,0,1,1,4294967295,0,0
object1,0,32,00292379,0,1,1,4294967295,0,0
object1,0,64,00322C0D,0,1,1,4294967295,0,0
object1,0,96,001DAC54,0,1,1,4294967295,0,0
object1,32,96,0021B191,0,1,1,4294967295,0,0
object23,0,128,000CA331,0,1,1,4294967295,0,0
object23,0,160,003EF781,0,1,1,4294967295,0,0
object1,0,192,00172552,0,1,1,4294967295,0,0
object1,32,192,0029B3A7,0,1,1,4294967295,0,0
object1,0,224,00242228,0,1,1,4294967295,0,0
object1,0,256,001B5A86,0,1,1,4294967295,0,0
object1,0,288,000D5EB7,0,1,1,4294967295,0,0
object1,0,320,00273F72,0,1,1,4294967295,0,0
object1,0,352,000919E4,0,1,1,4294967295,0,0
object1,0,384,003E6128,0,1,1,4294967295,0,0
object1,0,416,0009A343,0,1,1,4294967295,0,0
object1,0,448,00139B61,0,1,1,4294967295,0,0
object1,32,448,00019A31,0,1,1,4294967295,0,0
object1,64,448,0038835B,0,1,1,4294967295,0,0
object1,96,448,00159F72,0,1,1,4294967295,0,0
object1,128,448,00176942,0,1,1,4294967295,0,0
object1,160,448,00217BAC,0,1,1,4294967295,0,0
object1,192,448,000BFC03,0,1,1,4294967295,0,0
object1,224,448,00095CB6,0,1,1,4294967295,0,0
object1,256,448,001D2B2E,0,1,1,4294967295,0,0
object1,288,448,0025314C,0,1,1,4294967295,0,0
object1,320,448,001FA147,0,1,1,4294967295,0,0
object1,352,448,00267188,0,1,1,4294967295,0,0
object1,384,448,00222CBF,0,1,1,4294967295,0,0
object1,416,448,0001334F,0,1,1,4294967295,0,0
object1,448,448,0033B193,0,1,1,4294967295,0,0
object1,480,448,00009CD0,0,1,1,4294967295,0,0
object1,512,448,00137B02,0,1,1,4294967295,0,0
object1,544,448,002FF12B,0,1,1,4294967295,0,0
object1,576,448,00129FC6,0,1,1,4294967295,0,0
object1,608,448,000BA49E,0,1,1,4294967295,0,0
object1,32,0,0016E4E1,0,1,1,4294967295,0,0
object1,64,0,001772E5,0,1,1,4294967295,0,0
object1,96,0,0002A8DB,0,1,1,4294967295,0,0
object1,128,0,002B2E96,0,1,1,4294967295,0,0
object1,160,0,002DD23B,0,1,1,4294967295,0,0
object1,192,0,0038031C,0,1,1,4294967295,0,0
object1,224,0,000E2E1E,0,1,1,4294967295,0,0
object1,256,0,003D1D41,0,1,1,4294967295,0,0
object1,320,0,00320F55,0,1,1,4294967295,0,0
object1,352,0,0015E62C,0,1,1,4294967295,0,0
object1,384,0,000BF55A,0,1,1,4294967295,0,0
object1,416,0,001EA8B5,0,1,1,4294967295,0,0
object1,448,0,003B9D63,0,1,1,4294967295,0,0
object1,480,0,00326874,0,1,1,4294967295,0,0
object1,512,0,001DFD50,0,1,1,4294967295,0,0
object1,544,0,00001F07,0,1,1,4294967295,0,0
object1,576,0,000CFCCF,0,1,1,4294967295,0,0
object1,608,0,00266BEE,0,1,1,4294967295,0,0
object1,608,32,002C401D,0,1,1,4294967295,0,0
object1,608,64,002954D4,0,1,1,4294967295,0,0
object1,608,96,0037F2B9,0,1,1,4294967295,0,0
object1,608,128,00117C94,0,1,1,4294967295,0,0
object1,608,160,00347329,0,1,1,4294967295,0,0
object1,608,192,0021B777,0,1,1,4294967295,0,0
object1,608,224,0034768A,0,1,1,4294967295,0,0
object1,576,224,0012847B,0,1,1,4294967295,0,0
object21,608,272,00144233,0,1,1,4294967295,0,0
Boss door,576,256,000218C3,0,1,1,4294967295,0,0
Boss door,576,288,00002043,0,1,1,4294967295,0,0
object1,608,320,0017B12E,0,1,1,4294967295,0,0
object1,576,320,000661CA,0,1,1,4294967295,0,0
object1,608,352,003F1637,0,1,1,4294967295,0,0
object1,608,384,001F58CD,0,1,1,4294967295,0,0
object1,608,416,0020A884,0,1,1,4294967295,0,0
Mike Caver,32,144,00178B46,0,1,1,4294967295,0,0
object1,288,0,000F42F3,0,1,1,4294967295,0,0
Boss key,464,128,002F80FA,0,1,1,4294967295,0,0
fake boss key,96,384,001D1E5A,0,1,1,4294967295,0,0
fake boss key,352,384,002C2A1B,0,1,1,4294967295,0,0
fake boss key,288,272,0026769C,0,1,1,4294967295,0,0
fake boss key,448,352,000D8911,0,1,1,4294967295,0,0
fake boss key,208,144,00239CAE,0,1,1,4294967295,0,0
fake boss key,336,96,003D56DD,0,1,1,4294967295,0,0
fake boss key,128,288,003EA071,0,1,1,4294967295,0,0
fake boss key,464,256,001C1E0B,0,1,1,4294967295,0,0
fake boss key,224,384,000A6BA4,0,1,1,4294967295,0,0
fake boss key,96,176,00033ECA,0,1,1,4294967295,0,0
