object1,0,0,00191B10,0,1,1,4294967295,0,0
object1,0,32,002EC752,0,1,1,4294967295,0,0
object1,0,64,0003A919,0,1,1,4294967295,0,0
object1,0,96,000F265D,0,1,1,4294967295,0,0
object1,0,128,0027EBE2,0,1,1,4294967295,0,0
object1,0,160,0019979B,0,1,1,4294967295,0,0
object1,0,192,002FD203,0,1,1,4294967295,0,0
object1,0,224,0004916C,0,1,1,4294967295,0,0
object1,0,256,001B8317,0,1,1,4294967295,0,0
object1,0,288,002E75C9,0,1,1,4294967295,0,0
object1,0,320,0021187C,0,1,1,4294967295,0,0
object1,0,352,0009FFC0,0,1,1,4294967295,0,0
object1,0,384,001D4B6B,0,1,1,4294967295,0,0
object1,0,416,000ACEA4,0,1,1,4294967295,0,0
object1,0,448,002B7BC5,0,1,1,4294967295,0,0
object1,32,448,0029705D,0,1,1,4294967295,0,0
object1,64,448,0015EA2D,0,1,1,4294967295,0,0
object1,96,448,003DEABF,0,1,1,4294967295,0,0
object1,128,448,0016A4EC,0,1,1,4294967295,0,0
object1,160,448,00334194,0,1,1,4294967295,0,0
object1,192,448,00158E94,0,1,1,4294967295,0,0
object1,224,448,0039E9B7,0,1,1,4294967295,0,0
object1,256,448,003B8859,0,1,1,4294967295,0,0
object1,288,448,001884BB,0,1,1,4294967295,0,0
object1,320,448,00115274,0,1,1,4294967295,0,0
object1,352,448,0036333E,0,1,1,4294967295,0,0
object1,384,448,00006818,0,1,1,4294967295,0,0
object1,416,448,002BC571,0,1,1,4294967295,0,0
object1,448,448,0021FB39,0,1,1,4294967295,0,0
object1,480,448,0012A06E,0,1,1,4294967295,0,0
object1,512,448,002D703C,0,1,1,4294967295,0,0
object1,544,448,0005DCCC,0,1,1,4294967295,0,0
object1,576,448,003DF6D0,0,1,1,4294967295,0,0
object1,608,448,0027DB31,0,1,1,4294967295,0,0
object1,32,0,0012DBDF,0,1,1,4294967295,0,0
object1,64,0,00225C47,0,1,1,4294967295,0,0
object1,96,0,003A77E8,0,1,1,4294967295,0,0
object1,128,0,0037B645,0,1,1,4294967295,0,0
object1,160,0,001F7B0B,0,1,1,4294967295,0,0
object1,192,0,000BB307,0,1,1,4294967295,0,0
object1,224,0,002ECFBF,0,1,1,4294967295,0,0
object1,256,0,0008716B,0,1,1,4294967295,0,0
object1,288,0,003FD4CB,0,1,1,4294967295,0,0
object1,320,0,000DD18A,0,1,1,4294967295,0,0
object1,352,0,0023CF33,0,1,1,4294967295,0,0
object1,384,0,00000D9A,0,1,1,4294967295,0,0
object1,416,0,003FD71F,0,1,1,4294967295,0,0
object1,448,0,00274A98,0,1,1,4294967295,0,0
object1,480,0,000B4850,0,1,1,4294967295,0,0
object1,512,0,0024E733,0,1,1,4294967295,0,0
object1,544,0,002FDAA6,0,1,1,4294967295,0,0
object1,576,0,000C3578,0,1,1,4294967295,0,0
object1,608,0,000ABC94,0,1,1,4294967295,0,0
object1,608,32,003DA091,0,1,1,4294967295,0,0
object1,608,64,001F3831,0,1,1,4294967295,0,0
object1,608,96,0019AC7E,0,1,1,4294967295,0,0
object1,608,128,0033377D,0,1,1,4294967295,0,0
object1,608,160,0016462D,0,1,1,4294967295,0,0
object1,608,192,00106E89,0,1,1,4294967295,0,0
object1,608,224,002578A4,0,1,1,4294967295,0,0
object1,608,256,0011CD2B,0,1,1,4294967295,0,0
object1,608,288,0001C5F9,0,1,1,4294967295,0,0
object1,608,416,0019C9E2,0,1,1,4294967295,0,0
object1,32,64,002D6413,0,1,1,4294967295,0,0
object1,32,160,0015F50A,0,1,1,4294967295,0,0
object1,608,384,003D379E,0,1,1,4294967295,0,0
object1,576,288,003500DA,0,1,1,4294967295,0,0
object1,576,384,00322FD0,0,1,1,4294967295,0,0
object21,608,336,00137AB8,0,1,1,4294967295,0,0
door,576,320,002D0A36,0,1,1,4294967295,0,0
door,576,352,00112422,0,1,1,4294967295,0,0
Mike Caver,32,112,001E2665,0,1,1,4294967295,0,0
key,464,64,0000BD33,0,1,1,4294967295,0,0
ghost water,96,64,003E33EB,0,1,1,4294967295,0,0
ghost water,144,160,000B26A6,0,1,1,4294967295,0,0
ghost water,208,304,0026C7CC,0,1,1,4294967295,0,0
ghost water,96,288,0019102F,0,1,1,4294967295,0,0
ghost water,352,128,003B7D1B,0,1,1,4294967295,0,0
ghost water,400,336,003C9375,0,1,1,4294967295,0,0
ghost water,512,208,0026DF64,0,1,1,4294967295,0,0
ghost water,272,208,001DF253,0,1,1,4294967295,0,0
ghost water,240,80,00048370,0,1,1,4294967295,0,0
final battle (midi),640,480,002641A3,0,1,1,4294967295,0,0
boss battle (midi),640,480,00025245,0,1,1,4294967295,0,0
boss battle (midi),640,480,0004A9D3,0,1,1,4294967295,0,0
