object1,0,0,0023DBA9,0,1,1,4294967295,0,0
object1,0,32,002D15DE,0,1,1,4294967295,0,0
object1,0,64,0000C718,0,1,1,4294967295,0,0
object1,0,96,001CC6C3,0,1,1,4294967295,0,0
object1,0,128,00380BA8,0,1,1,4294967295,0,0
object1,0,160,002A25EE,0,1,1,4294967295,0,0
object1,0,192,0012CF7E,0,1,1,4294967295,0,0
object1,0,224,0015D684,0,1,1,4294967295,0,0
object1,0,256,002030C3,0,1,1,4294967295,0,0
object1,0,288,00102AAB,0,1,1,4294967295,0,0
object1,0,320,0024ABD9,0,1,1,4294967295,0,0
object1,0,352,001BD6AF,0,1,1,4294967295,0,0
object1,0,384,00228F42,0,1,1,4294967295,0,0
object1,0,416,002268B2,0,1,1,4294967295,0,0
object1,0,448,002F0FF7,0,1,1,4294967295,0,0
object1,32,448,000B97C4,0,1,1,4294967295,0,0
object1,64,448,00063A63,0,1,1,4294967295,0,0
object1,96,448,000583C7,0,1,1,4294967295,0,0
object1,128,448,001D30EC,0,1,1,4294967295,0,0
object1,160,448,00286E28,0,1,1,4294967295,0,0
object1,192,448,001F7AB1,0,1,1,4294967295,0,0
object1,224,448,002534C3,0,1,1,4294967295,0,0
object1,256,448,001DE284,0,1,1,4294967295,0,0
object1,288,448,003B0607,0,1,1,4294967295,0,0
object1,320,448,002990DB,0,1,1,4294967295,0,0
object1,352,448,0025C425,0,1,1,4294967295,0,0
object1,384,448,003F3A56,0,1,1,4294967295,0,0
object1,416,448,002A6CFE,0,1,1,4294967295,0,0
object1,448,448,003DA41A,0,1,1,4294967295,0,0
object1,480,448,001EAFF5,0,1,1,4294967295,0,0
object1,512,448,0028A4CD,0,1,1,4294967295,0,0
object1,544,448,002C36CC,0,1,1,4294967295,0,0
object1,576,448,003DC709,0,1,1,4294967295,0,0
object1,608,448,00207A85,0,1,1,4294967295,0,0
object1,256,0,0017B215,0,1,1,4294967295,0,0
object1,288,0,003A624D,0,1,1,4294967295,0,0
object1,320,0,0021C84E,0,1,1,4294967295,0,0
object1,352,0,001EF93A,0,1,1,4294967295,0,0
object1,384,0,000F3020,0,1,1,4294967295,0,0
object1,416,0,000F6412,0,1,1,4294967295,0,0
object1,448,0,001FAAC2,0,1,1,4294967295,0,0
object1,480,0,00270771,0,1,1,4294967295,0,0
object1,512,0,003EF168,0,1,1,4294967295,0,0
object1,544,0,0037F6BB,0,1,1,4294967295,0,0
object1,576,0,003A41F6,0,1,1,4294967295,0,0
object1,608,0,0015BC54,0,1,1,4294967295,0,0
object1,608,32,003488C3,0,1,1,4294967295,0,0
object1,608,64,0015112B,0,1,1,4294967295,0,0
object1,608,96,0011E87B,0,1,1,4294967295,0,0
object1,608,128,001991DD,0,1,1,4294967295,0,0
object1,608,160,003BC57F,0,1,1,4294967295,0,0
object1,608,192,00050E6C,0,1,1,4294967295,0,0
object1,608,224,00239EC3,0,1,1,4294967295,0,0
object1,608,256,00125960,0,1,1,4294967295,0,0
object1,608,288,001C8F1F,0,1,1,4294967295,0,0
object1,608,320,002A9F8D,0,1,1,4294967295,0,0
object1,608,352,002CCA63,0,1,1,4294967295,0,0
object1,608,384,0039AE63,0,1,1,4294967295,0,0
object1,608,416,003EBDD8,0,1,1,4294967295,0,0
object1,32,336,00255AF7,0,1,1,4294967295,0,0
object1,64,336,00048365,0,1,1,4294967295,0,0
object1,96,336,00078180,0,1,1,4294967295,0,0
object1,128,336,0001239A,0,1,1,4294967295,0,0
object1,160,336,001B539F,0,1,1,4294967295,0,0
object1,192,336,000231C1,0,1,1,4294967295,0,0
object1,224,336,001F1530,0,1,1,4294967295,0,0
object1,256,336,002E7C81,0,1,1,4294967295,0,0
object1,288,336,003F907D,0,1,1,4294967295,0,0
object1,320,336,001B8C48,0,1,1,4294967295,0,0
object1,352,336,00136759,0,1,1,4294967295,0,0
object1,384,336,0038DB99,0,1,1,4294967295,0,0
object1,416,336,0015C995,0,1,1,4294967295,0,0
object1,480,336,0037C067,0,1,1,4294967295,0,0
object1,576,336,00332944,0,1,1,4294967295,0,0
object1,576,304,00098329,0,1,1,4294967295,0,0
object1,32,304,00054847,0,1,1,4294967295,0,0
object1,64,304,0000D92B,0,1,1,4294967295,0,0
object1,96,304,000B1D02,0,1,1,4294967295,0,0
object1,128,304,00313D9C,0,1,1,4294967295,0,0
object1,160,304,00142C26,0,1,1,4294967295,0,0
object1,192,304,001079A8,0,1,1,4294967295,0,0
object1,224,304,002D27F1,0,1,1,4294967295,0,0
object1,256,304,001BCEE5,0,1,1,4294967295,0,0
object1,288,304,003F0BB3,0,1,1,4294967295,0,0
object1,320,304,001E1079,0,1,1,4294967295,0,0
object1,352,304,000B152E,0,1,1,4294967295,0,0
object1,384,304,0040283D,0,1,1,4294967295,0,0
object1,416,304,00296AA8,0,1,1,4294967295,0,0
object1,448,304,00303757,0,1,1,4294967295,0,0
object1,480,304,001529B6,0,1,1,4294967295,0,0
object1,96,368,000723F6,0,1,1,4294967295,0,0
object1,256,416,00385424,0,1,1,4294967295,0,0
object1,448,336,0016F8F1,0,1,1,4294967295,0,0
object1,448,368,000A8A0C,0,1,1,4294967295,0,0
Mike Caver,48,368,00056407,0,1,1,4294967295,0,0
object1,32,0,0031C06E,0,1,1,4294967295,0,0
object1,224,0,000D2FE3,0,1,1,4294967295,0,0
Boss door,64,0,0009C125,0,1,1,4294967295,0,0
Boss door,96,0,0021F51E,0,1,1,4294967295,0,0
Boss door,128,0,00150558,0,1,1,4294967295,0,0
Boss door,160,0,00296218,0,1,1,4294967295,0,0
Boss door,192,0,0033BFB6,0,1,1,4294967295,0,0
Boss door,192,32,0023EF99,0,1,1,4294967295,0,0
Boss door,192,64,0027F3DD,0,1,1,4294967295,0,0
Boss door,192,96,001AC10D,0,1,1,4294967295,0,0
Boss door,192,128,00099E3E,0,1,1,4294967295,0,0
Boss door,64,32,00274CCC,0,1,1,4294967295,0,0
Boss door,96,32,00076C21,0,1,1,4294967295,0,0
Boss door,128,32,003E7A15,0,1,1,4294967295,0,0
Boss door,160,32,003F2C5D,0,1,1,4294967295,0,0
Boss door,160,64,000AE734,0,1,1,4294967295,0,0
Boss door,160,96,001E2E6F,0,1,1,4294967295,0,0
Boss door,64,64,0023F9E1,0,1,1,4294967295,0,0
Boss door,64,96,00017DFF,0,1,1,4294967295,0,0
Boss door,64,128,003D51E4,0,1,1,4294967295,0,0
Boss door,96,64,002AF4CB,0,1,1,4294967295,0,0
Boss door,128,64,00317C7E,0,1,1,4294967295,0,0
Boss door,128,96,00140B59,0,1,1,4294967295,0,0
Boss door,96,96,00174562,0,1,1,4294967295,0,0
Boss door,80,160,001AB558,0,1,1,4294967295,0,0
Boss door,176,160,001CE421,0,1,1,4294967295,0,0
Boss door,96,128,001E6614,0,1,1,4294967295,0,0
Boss door,128,128,000DA56D,0,1,1,4294967295,0,0
Boss door,160,128,00027A7E,0,1,1,4294967295,0,0
object21,128,160,000A53BF,0,1,1,4294967295,0,0
guard ghosts,480,272,002CAD0B,0,1,1,4294967295,0,0
guard ghosts,560,192,000586B1,0,1,1,4294967295,0,0
guard ghosts,480,160,0018CA89,0,1,1,4294967295,0,0
guard ghosts,384,208,0026E927,0,1,1,4294967295,0,0
guard ghosts,352,112,0022C64E,0,1,1,4294967295,0,0
guard ghosts,208,256,00345BCD,0,1,1,4294967295,0,0
guard ghosts,304,224,001CFC6B,0,1,1,4294967295,0,0
level 5 (midi),640,480,002C2D0C,0,1,1,4294967295,0,0
