object1,0,0,00325105,0,1,1,4294967295,0,0
object1,0,32,00092C9E,0,1,1,4294967295,0,0
object1,0,64,0015EFD0,0,1,1,4294967295,0,0
object1,32,64,0019CCB0,0,1,1,4294967295,0,0
object1,0,160,002A2C8D,0,1,1,4294967295,0,0
object1,32,160,0002761F,0,1,1,4294967295,0,0
object23,0,128,001B7C91,0,1,1,4294967295,0,0
object23,0,96,002CAA95,0,1,1,4294967295,0,0
Mike Caver,32,112,002207F8,0,1,1,4294967295,0,0
object1,0,192,003AF4C7,0,1,1,4294967295,0,0
object1,0,224,00337367,0,1,1,4294967295,0,0
object1,0,256,0022710B,0,1,1,4294967295,0,0
object1,0,288,0002C8EA,0,1,1,4294967295,0,0
object1,0,320,000A15AD,0,1,1,4294967295,0,0
object1,0,352,003E5AAE,0,1,1,4294967295,0,0
object1,0,384,0015D91D,0,1,1,4294967295,0,0
object1,0,416,001645FA,0,1,1,4294967295,0,0
object1,0,448,0026A5D6,0,1,1,4294967295,0,0
object1,32,448,001A2E36,0,1,1,4294967295,0,0
object1,64,448,001E319B,0,1,1,4294967295,0,0
object1,96,448,0002DF3D,0,1,1,4294967295,0,0
object1,128,448,003FCB4D,0,1,1,4294967295,0,0
object1,160,448,000914DC,0,1,1,4294967295,0,0
object1,192,448,001A730C,0,1,1,4294967295,0,0
object1,224,448,000162E9,0,1,1,4294967295,0,0
object1,256,448,003113B4,0,1,1,4294967295,0,0
object1,288,448,000A3912,0,1,1,4294967295,0,0
object1,320,448,003DBB63,0,1,1,4294967295,0,0
object1,352,448,00138792,0,1,1,4294967295,0,0
object1,384,448,00033C21,0,1,1,4294967295,0,0
object1,416,448,003A1751,0,1,1,4294967295,0,0
object1,448,448,0039CEDD,0,1,1,4294967295,0,0
object1,480,448,00192EE1,0,1,1,4294967295,0,0
object1,512,448,00022094,0,1,1,4294967295,0,0
object1,544,448,001AE451,0,1,1,4294967295,0,0
object1,576,448,003A2F0F,0,1,1,4294967295,0,0
object1,608,448,002EC9D9,0,1,1,4294967295,0,0
object1,32,0,003E15BC,0,1,1,4294967295,0,0
object1,64,0,003BE831,0,1,1,4294967295,0,0
object1,96,0,002ADB4A,0,1,1,4294967295,0,0
object1,128,0,000E72A1,0,1,1,4294967295,0,0
object1,160,0,0020680E,0,1,1,4294967295,0,0
object1,192,0,003C195B,0,1,1,4294967295,0,0
object1,224,0,001CDFBF,0,1,1,4294967295,0,0
object1,256,0,00019506,0,1,1,4294967295,0,0
object1,288,0,000C33A9,0,1,1,4294967295,0,0
object1,320,0,00029C0A,0,1,1,4294967295,0,0
object1,352,0,0025E050,0,1,1,4294967295,0,0
object1,384,0,003AA002,0,1,1,4294967295,0,0
object1,416,0,000D0312,0,1,1,4294967295,0,0
object1,448,0,000B8AE7,0,1,1,4294967295,0,0
object1,480,0,002A1B57,0,1,1,4294967295,0,0
object1,512,0,000356E3,0,1,1,4294967295,0,0
object1,544,0,002F58F6,0,1,1,4294967295,0,0
object1,576,0,003B6AE1,0,1,1,4294967295,0,0
object1,608,0,001072B1,0,1,1,4294967295,0,0
object1,608,32,003EA819,0,1,1,4294967295,0,0
object1,608,96,002783AF,0,1,1,4294967295,0,0
object1,608,192,003FA9C4,0,1,1,4294967295,0,0
object1,608,224,002F441D,0,1,1,4294967295,0,0
object1,608,256,003F013B,0,1,1,4294967295,0,0
object1,608,288,003FEE13,0,1,1,4294967295,0,0
object1,608,320,000D8ECE,0,1,1,4294967295,0,0
object1,608,352,000EF639,0,1,1,4294967295,0,0
object1,608,384,001890C8,0,1,1,4294967295,0,0
object1,608,416,001209A9,0,1,1,4294967295,0,0
object1,608,64,00223507,0,1,1,4294967295,0,0
key,512,416,00367911,0,1,1,4294967295,0,0
1,160,80,0011205F,0,1,1,4294967295,0,0
2,160,256,002685D8,0,1,1,4294967295,0,0
3,400,384,00351A67,0,1,1,4294967295,0,0
4,560,64,0039299C,0,1,1,4294967295,0,0
5,368,48,002BDE25,0,1,1,4294967295,0,0
door,32,288,001CB7D8,0,1,1,4294967295,0,0
door,64,288,00247A66,0,1,1,4294967295,0,0
door,96,288,001D0032,0,1,1,4294967295,0,0
door,96,320,001C6959,0,1,1,4294967295,0,0
door,96,352,0017B8E6,0,1,1,4294967295,0,0
door,64,352,002B2D19,0,1,1,4294967295,0,0
door,32,352,003292F0,0,1,1,4294967295,0,0
detonator 1,144,80,003CCFA4,0,1,1,4294967295,0,0
detonator 2,144,256,00326117,0,1,1,4294967295,0,0
detonator 4,528,48,0002A290,0,1,1,4294967295,0,0
detonator 5,352,48,000EB01B,0,1,1,4294967295,0,0
6,48,320,002DBFC3,0,1,1,4294967295,0,0
final detonator,32,320,00137621,0,1,1,4294967295,0,0
ghost guard 1,144,224,00278FF3,0,1,1,4294967295,0,0
ghost guard 1,176,224,00287AEE,0,1,1,4294967295,0,0
ghost guard 1,192,256,002185A9,0,1,1,4294967295,0,0
ghost guard 1,192,288,000AA020,0,1,1,4294967295,0,0
ghost guard 1,160,288,003EB7E3,0,1,1,4294967295,0,0
ghost guard 1,128,288,0024633B,0,1,1,4294967295,0,0
ghost guard 1,112,256,00178A59,0,1,1,4294967295,0,0
ghost guard 1,112,224,00292EBA,0,1,1,4294967295,0,0
ghost guard 2,384,352,00330C99,0,1,1,4294967295,0,0
ghost guard 2,416,352,00321AB3,0,1,1,4294967295,0,0
ghost guard 2,432,384,0026D1FA,0,1,1,4294967295,0,0
ghost guard 2,432,416,0020CAF7,0,1,1,4294967295,0,0
ghost guard 2,352,384,002BD7E8,0,1,1,4294967295,0,0
ghost guard 2,352,352,00269360,0,1,1,4294967295,0,0
ghost guard 2,368,416,00006ACA,0,1,1,4294967295,0,0
ghost guard 2,400,416,003F7750,0,1,1,4294967295,0,0
ghost guard 3,528,80,000EB1B1,0,1,1,4294967295,0,0
ghost guard 3,560,80,0015398A,0,1,1,4294967295,0,0
ghost guard 3,576,48,00279445,0,1,1,4294967295,0,0
ghost guard 3,496,64,002C1DF0,0,1,1,4294967295,0,0
ghost guard 3,480,32,0011F637,0,1,1,4294967295,0,0
ghost guard 4,336,80,0034F49B,0,1,1,4294967295,0,0
ghost guard 4,368,80,002558AB,0,1,1,4294967295,0,0
ghost guard 4,400,80,001FF53C,0,1,1,4294967295,0,0
ghost guard 4,320,64,00304C75,0,1,1,4294967295,0,0
ghost guard 4,320,32,003011C0,0,1,1,4294967295,0,0
ghost guard 4,416,64,0019B766,0,1,1,4294967295,0,0
ghost guard 4,432,32,001EB806,0,1,1,4294967295,0,0
ghost guard 5,464,416,002211CA,0,1,1,4294967295,0,0
ghost guard 5,480,384,00108A67,0,1,1,4294967295,0,0
ghost guard 5,512,384,000F1FA3,0,1,1,4294967295,0,0
ghost guard 5,544,384,0007DFBD,0,1,1,4294967295,0,0
ghost guard 5,560,416,000FE417,0,1,1,4294967295,0,0
very final boss's flame,432,208,000490F4,0,1,1,4294967295,0,0
hidden door,608,128,000E91C9,0,1,1,4294967295,0,0
hidden door,608,160,00277CFD,0,1,1,4294967295,0,0
green 1,192,416,003F57D6,0,1,1,4294967295,0,0
green 2,160,416,000B9333,0,1,1,4294967295,0,0
green 3,128,416,003E9D02,0,1,1,4294967295,0,0
green 4,96,416,003B66D5,0,1,1,4294967295,0,0
green 5,64,416,000D3737,0,1,1,4294967295,0,0
green 6,32,416,002B64A4,0,1,1,4294967295,0,0
final battle soul (midi),640,480,0027386B,0,1,1,4294967295,0,0
oldbosshp_wall,224,416,00376C93,0,1,1,4294967295,0,0
oldbosshp_wall,224,384,001CA4AB,0,1,1,4294967295,0,0
oldbosshp_wall,192,384,001B5ECE,0,1,1,4294967295,0,0
oldbosshp_wall,160,384,0008BC93,0,1,1,4294967295,0,0
oldbosshp_wall,128,384,001C8F4C,0,1,1,4294967295,0,0
oldbosshp_wall,96,384,0025ABC6,0,1,1,4294967295,0,0
oldbosshp_wall,64,384,00266C5D,0,1,1,4294967295,0,0
oldbosshp_wall,32,384,003C7CB3,0,1,1,4294967295,0,0
detonator 3 final,382,382,000B8D8D,0,1,1,4294967295,0,0
bhpd_nothing_final,-32,0,002EF214,0,1,1,4294967295,0,0
