object1,0,0,00280DB7,0,1,1,4294967295,0,0
object1,0,32,0021A357,0,1,1,4294967295,0,0
object1,0,64,0009549C,0,1,1,4294967295,0,0
object1,0,160,002D8D3F,0,1,1,4294967295,0,0
object1,0,192,001310BC,0,1,1,4294967295,0,0
object1,0,224,0035AF8E,0,1,1,4294967295,0,0
object1,0,256,00206446,0,1,1,4294967295,0,0
object1,0,288,0038E2F9,0,1,1,4294967295,0,0
object1,0,320,0001431A,0,1,1,4294967295,0,0
object1,0,352,00135457,0,1,1,4294967295,0,0
object1,0,384,00135926,0,1,1,4294967295,0,0
object1,0,416,0013B63C,0,1,1,4294967295,0,0
object1,0,448,0030715D,0,1,1,4294967295,0,0
object1,32,448,00149833,0,1,1,4294967295,0,0
object1,64,448,00107D63,0,1,1,4294967295,0,0
object1,96,448,003A9E9D,0,1,1,4294967295,0,0
object1,128,448,0028609D,0,1,1,4294967295,0,0
object1,160,448,001F119A,0,1,1,4294967295,0,0
object1,192,448,00319D59,0,1,1,4294967295,0,0
object1,224,448,002F5941,0,1,1,4294967295,0,0
object1,256,448,002E1B9A,0,1,1,4294967295,0,0
object1,288,448,0018D45D,0,1,1,4294967295,0,0
object1,320,448,002DC756,0,1,1,4294967295,0,0
object1,352,448,0011031D,0,1,1,4294967295,0,0
object1,384,448,003F0EC3,0,1,1,4294967295,0,0
object1,416,448,0011DAD8,0,1,1,4294967295,0,0
object1,448,448,0014431C,0,1,1,4294967295,0,0
object1,480,448,001A4B36,0,1,1,4294967295,0,0
object1,512,448,0016DDB9,0,1,1,4294967295,0,0
object1,544,448,001CE551,0,1,1,4294967295,0,0
object1,576,448,0035AF59,0,1,1,4294967295,0,0
object1,608,448,000ADDB2,0,1,1,4294967295,0,0
object1,32,0,000EBB66,0,1,1,4294967295,0,0
object1,64,0,00232381,0,1,1,4294967295,0,0
object1,96,0,00323B0A,0,1,1,4294967295,0,0
object1,128,0,0010CB24,0,1,1,4294967295,0,0
object1,160,0,003252CD,0,1,1,4294967295,0,0
object1,192,0,000E0E43,0,1,1,4294967295,0,0
object1,224,0,00375ECC,0,1,1,4294967295,0,0
object1,256,0,00116F57,0,1,1,4294967295,0,0
object1,288,0,003C421B,0,1,1,4294967295,0,0
object1,320,0,003259DA,0,1,1,4294967295,0,0
object1,352,0,003F6D41,0,1,1,4294967295,0,0
object1,384,0,0007DDA2,0,1,1,4294967295,0,0
object1,416,0,0038DF31,0,1,1,4294967295,0,0
object1,448,0,00350562,0,1,1,4294967295,0,0
object1,480,0,003D3ABF,0,1,1,4294967295,0,0
object1,512,0,003A6F9C,0,1,1,4294967295,0,0
object1,544,0,001C609A,0,1,1,4294967295,0,0
object1,576,0,0039C71B,0,1,1,4294967295,0,0
object1,608,0,0029B379,0,1,1,4294967295,0,0
object1,608,32,0019251F,0,1,1,4294967295,0,0
object1,608,64,002D8377,0,1,1,4294967295,0,0
object1,608,96,0031310A,0,1,1,4294967295,0,0
object1,608,128,003AAFA3,0,1,1,4294967295,0,0
object1,608,160,002CBF74,0,1,1,4294967295,0,0
object1,608,192,00315DE5,0,1,1,4294967295,0,0
object1,608,224,0034D2BC,0,1,1,4294967295,0,0
object1,608,256,0018B8E9,0,1,1,4294967295,0,0
object1,608,352,0001B1CE,0,1,1,4294967295,0,0
object1,608,384,001A7136,0,1,1,4294967295,0,0
object1,608,416,002A5CB4,0,1,1,4294967295,0,0
object1,32,160,003E492A,0,1,1,4294967295,0,0
object1,32,64,001AE08B,0,1,1,4294967295,0,0
Mike Caver,32,112,000787AE,0,1,1,4294967295,0,0
object23,0,128,003A8000,0,1,1,4294967295,0,0
object23,0,96,003196E9,0,1,1,4294967295,0,0
object1,576,256,00369615,0,1,1,4294967295,0,0
object1,576,352,00320FDB,0,1,1,4294967295,0,0
door,576,320,00346AA7,0,1,1,4294967295,0,0
door,576,288,00273F3B,0,1,1,4294967295,0,0
object21,608,304,000F8D2F,0,1,1,4294967295,0,0
key,464,64,003A530C,0,1,1,4294967295,0,0
phantom ghost,320,96,000B4EAD,0,1,1,4294967295,0,0
phantom ghost,272,224,001E2E64,0,1,1,4294967295,0,0
phantom ghost,448,304,000A352F,0,1,1,4294967295,0,0
phantom ghost,192,320,00130B13,0,1,1,4294967295,0,0
phantom ghost,480,144,0027878F,0,1,1,4294967295,0,0
