object1,0,0,001FDE7C,0,1,1,4294967295,0,0
object1,0,32,000F3DB6,0,1,1,4294967295,0,0
object1,0,160,00189B27,0,1,1,4294967295,0,0
object1,0,192,0014BC76,0,1,1,4294967295,0,0
object1,0,224,001A33E8,0,1,1,4294967295,0,0
object1,0,256,002A6AD8,0,1,1,4294967295,0,0
object1,0,288,0032C701,0,1,1,4294967295,0,0
object1,0,320,002D27BF,0,1,1,4294967295,0,0
object1,0,352,001AD68B,0,1,1,4294967295,0,0
object1,0,384,000D7C92,0,1,1,4294967295,0,0
object1,0,416,00325A4A,0,1,1,4294967295,0,0
object1,0,448,002633C6,0,1,1,4294967295,0,0
object1,32,448,000202AE,0,1,1,4294967295,0,0
object1,64,448,002D2FA9,0,1,1,4294967295,0,0
object1,96,448,002858DB,0,1,1,4294967295,0,0
object1,128,448,003FD83C,0,1,1,4294967295,0,0
object1,160,448,001563CB,0,1,1,4294967295,0,0
object1,192,448,00369885,0,1,1,4294967295,0,0
object1,224,448,0004F180,0,1,1,4294967295,0,0
object1,256,448,001C2A91,0,1,1,4294967295,0,0
object1,288,448,002769E9,0,1,1,4294967295,0,0
object1,320,448,0035CED6,0,1,1,4294967295,0,0
object1,352,448,001F041A,0,1,1,4294967295,0,0
object1,384,448,001F91B6,0,1,1,4294967295,0,0
object1,416,448,001D35F8,0,1,1,4294967295,0,0
object1,448,448,000C06C7,0,1,1,4294967295,0,0
object1,480,448,00105B3B,0,1,1,4294967295,0,0
object1,512,448,003EEC0F,0,1,1,4294967295,0,0
object1,544,448,0028411A,0,1,1,4294967295,0,0
object1,576,448,002B6577,0,1,1,4294967295,0,0
object1,608,448,002A5AC8,0,1,1,4294967295,0,0
object1,32,0,003B1CD2,0,1,1,4294967295,0,0
object1,64,0,001A1385,0,1,1,4294967295,0,0
object1,96,0,0017A874,0,1,1,4294967295,0,0
object1,128,0,000C0B4B,0,1,1,4294967295,0,0
object1,160,0,0013A6E0,0,1,1,4294967295,0,0
object1,192,0,000B8605,0,1,1,4294967295,0,0
object1,224,0,000496F1,0,1,1,4294967295,0,0
object1,256,0,003F1589,0,1,1,4294967295,0,0
object1,288,0,000A9C22,0,1,1,4294967295,0,0
object1,320,0,001C10D9,0,1,1,4294967295,0,0
object1,352,0,002F3AC4,0,1,1,4294967295,0,0
object1,384,0,00030BB7,0,1,1,4294967295,0,0
object1,416,0,0024C9FE,0,1,1,4294967295,0,0
object1,448,0,002118B5,0,1,1,4294967295,0,0
object1,480,0,002757D3,0,1,1,4294967295,0,0
object1,512,0,000FCC42,0,1,1,4294967295,0,0
object1,544,0,00223BFD,0,1,1,4294967295,0,0
object1,576,0,002D3CA4,0,1,1,4294967295,0,0
object1,608,0,000E62D2,0,1,1,4294967295,0,0
object1,608,32,001293CD,0,1,1,4294967295,0,0
object1,608,64,003A68A4,0,1,1,4294967295,0,0
object1,608,96,0024A4F0,0,1,1,4294967295,0,0
object1,608,128,001AD939,0,1,1,4294967295,0,0
object1,608,160,000EF5D3,0,1,1,4294967295,0,0
object1,608,192,003459E7,0,1,1,4294967295,0,0
object1,608,224,002750AE,0,1,1,4294967295,0,0
object1,608,256,0004CFD5,0,1,1,4294967295,0,0
object1,608,352,000C7FCF,0,1,1,4294967295,0,0
object1,608,384,00095D9A,0,1,1,4294967295,0,0
object1,608,416,002685EA,0,1,1,4294967295,0,0
object1,0,64,00109F33,0,1,1,4294967295,0,0
object1,32,64,00124343,0,1,1,4294967295,0,0
object1,32,160,000AFAC5,0,1,1,4294967295,0,0
object1,576,352,000DF685,0,1,1,4294967295,0,0
object1,576,256,0036C596,0,1,1,4294967295,0,0
Mike Caver,32,112,003F0FBB,0,1,1,4294967295,0,0
Boss door,576,320,0016A8CD,0,1,1,4294967295,0,0
Boss door,576,288,00374811,0,1,1,4294967295,0,0
object21,608,304,003F2860,0,1,1,4294967295,0,0
object23,0,128,001C60C7,0,1,1,4294967295,0,0
object23,0,96,0034EBEF,0,1,1,4294967295,0,0
phantom ghost,240,160,002CC8F2,0,1,1,4294967295,0,0
phantom ghost,192,240,00320504,0,1,1,4294967295,0,0
phantom ghost,480,304,001E492B,0,1,1,4294967295,0,0
phantom ghost,496,112,000BF28A,0,1,1,4294967295,0,0
phantom ghost,288,320,00172F48,0,1,1,4294967295,0,0
phantom ghost,96,336,0010643D,0,1,1,4294967295,0,0
still ghost,176,400,000978A0,0,1,1,4294967295,0,0
still ghost,368,160,002409FB,0,1,1,4294967295,0,0
still ghost,160,80,00383B2C,0,1,1,4294967295,0,0
Boss key,560,64,0018794B,0,1,1,4294967295,0,0
