obj_lnch_x,235,5,000C30F3,0,1,1,4294967295,0,0
obj_lnch-lg,80,289,003E195F,0,1,1,4294967295,0,0
newbosshp unticked,28,53,003F01B7,0,1,1,4294967295,0,0
nbhpb_obj,57,53,0026405E,0,1,1,4294967295,0,0
newbosshp_persist_off,-64,0,0003ED60,0,1,1,4294967295,0,0
edf_obj,58,90,003D117D,0,1,1,4294967295,0,0
enabledebug unticked,28,88,001C7AC8,0,1,1,4294967295,0,0
enabledebug_persist_off,-64,32,002B19CD,0,1,1,4294967295,0,0
lctdrctd_obj,57,31,001E6DED,0,1,1,4294967295,0,0
launcher init,-32,0,00157E9D,0,1,1,4294967295,0,0
touchprompt unticked,28,124,002E102F,0,1,1,4294967295,0,0
touchprompt_persist_off,-64,64,001F16CB,0,1,1,4294967295,0,0
etp_obj,61,128,000CC546,0,1,1,4294967295,0,0
