object1,0,0,001CD63C,0,1,1,4294967295,0,0
object1,0,32,0035995C,0,1,1,4294967295,0,0
object1,0,64,00386CF9,0,1,1,4294967295,0,0
object1,0,96,003667A7,0,1,1,4294967295,0,0
object1,0,128,001ED733,0,1,1,4294967295,0,0
object1,0,160,00057DC6,0,1,1,4294967295,0,0
object1,0,192,003F4913,0,1,1,4294967295,0,0
object1,0,224,001E7DCD,0,1,1,4294967295,0,0
object1,0,256,00162654,0,1,1,4294967295,0,0
object1,0,288,001330D6,0,1,1,4294967295,0,0
object1,0,320,0034A67F,0,1,1,4294967295,0,0
object1,0,352,0006F1BD,0,1,1,4294967295,0,0
object1,0,384,0039C402,0,1,1,4294967295,0,0
object1,0,416,0019E103,0,1,1,4294967295,0,0
object1,0,448,00023066,0,1,1,4294967295,0,0
object1,32,448,0032AE75,0,1,1,4294967295,0,0
object1,64,448,003F7B55,0,1,1,4294967295,0,0
object1,96,448,00251C75,0,1,1,4294967295,0,0
object1,128,448,00026E22,0,1,1,4294967295,0,0
object1,160,448,0036F4DA,0,1,1,4294967295,0,0
object1,192,448,00231B4C,0,1,1,4294967295,0,0
object1,224,448,001C15DC,0,1,1,4294967295,0,0
object1,256,448,0016A11C,0,1,1,4294967295,0,0
object1,288,448,003B2F5E,0,1,1,4294967295,0,0
object1,320,448,001A9489,0,1,1,4294967295,0,0
object1,352,448,0032F9CF,0,1,1,4294967295,0,0
object1,384,448,00379954,0,1,1,4294967295,0,0
object1,416,448,0014F2C4,0,1,1,4294967295,0,0
object1,448,448,0022737F,0,1,1,4294967295,0,0
object1,480,448,0016E957,0,1,1,4294967295,0,0
object1,512,448,0031ECC5,0,1,1,4294967295,0,0
object1,544,448,00035E0E,0,1,1,4294967295,0,0
object1,576,448,001ED029,0,1,1,4294967295,0,0
object1,608,448,003F6948,0,1,1,4294967295,0,0
object1,32,0,00124330,0,1,1,4294967295,0,0
object1,64,0,00158E47,0,1,1,4294967295,0,0
object1,96,0,001B304B,0,1,1,4294967295,0,0
object1,128,0,00165ACC,0,1,1,4294967295,0,0
object1,160,0,00136516,0,1,1,4294967295,0,0
object1,192,0,001D3E94,0,1,1,4294967295,0,0
object1,224,0,0003A365,0,1,1,4294967295,0,0
object1,256,0,00055C56,0,1,1,4294967295,0,0
object1,288,0,00313524,0,1,1,4294967295,0,0
object1,320,0,001C8194,0,1,1,4294967295,0,0
object1,352,0,0003673A,0,1,1,4294967295,0,0
object1,384,0,00378DB3,0,1,1,4294967295,0,0
object1,416,0,00145C84,0,1,1,4294967295,0,0
object1,448,0,002C7427,0,1,1,4294967295,0,0
object1,480,0,00026143,0,1,1,4294967295,0,0
object1,512,0,003B5E04,0,1,1,4294967295,0,0
object1,544,0,001A8490,0,1,1,4294967295,0,0
object1,576,0,002C421F,0,1,1,4294967295,0,0
object1,608,0,000E6F23,0,1,1,4294967295,0,0
object1,608,32,003C3084,0,1,1,4294967295,0,0
object1,608,64,000A4776,0,1,1,4294967295,0,0
object1,608,96,001876A2,0,1,1,4294967295,0,0
object1,608,128,0009B689,0,1,1,4294967295,0,0
object1,608,160,0016ACAC,0,1,1,4294967295,0,0
object1,608,192,001B097F,0,1,1,4294967295,0,0
object1,608,224,0038AE1B,0,1,1,4294967295,0,0
object1,608,256,000A8B28,0,1,1,4294967295,0,0
object1,608,288,002306D5,0,1,1,4294967295,0,0
object1,608,320,003F3155,0,1,1,4294967295,0,0
object1,608,352,002189EA,0,1,1,4294967295,0,0
object1,608,384,00267EA7,0,1,1,4294967295,0,0
object1,608,416,00183993,0,1,1,4294967295,0,0
object1,384,64,0018BEDE,0,1,1,4294967295,0,0
object1,384,32,001FB41B,0,1,1,4294967295,0,0
object1,576,64,00185AF5,0,1,1,4294967295,0,0
object1,576,32,002D3BC5,0,1,1,4294967295,0,0
object1,384,96,003BC723,0,1,1,4294967295,0,0
object1,416,96,003B6BFF,0,1,1,4294967295,0,0
object1,448,96,002E5F52,0,1,1,4294967295,0,0
object1,480,96,00282BCA,0,1,1,4294967295,0,0
object1,512,96,003DCAC5,0,1,1,4294967295,0,0
object1,544,96,00077230,0,1,1,4294967295,0,0
object1,576,96,0019971A,0,1,1,4294967295,0,0
object1,544,32,001598B8,0,1,1,4294967295,0,0
object1,512,32,003389D6,0,1,1,4294967295,0,0
object1,448,32,003F204A,0,1,1,4294967295,0,0
object1,416,32,000F14D3,0,1,1,4294967295,0,0
Mike Caver,288,400,003EC980,0,1,1,4294967295,0,0
completed book,48,240,002F82D5,0,1,1,4294967295,0,0
completed book,160,240,0027122C,0,1,1,4294967295,0,0
completed book,272,240,002930E7,0,1,1,4294967295,0,0
completed book,384,240,00007CE8,0,1,1,4294967295,0,0
spirit world book,288,64,00151E47,0,1,1,4294967295,0,0
completed book,480,240,002C451E,0,1,1,4294967295,0,0
spirit scroll,416,64,002C44CE,0,1,1,4294967295,0,0
spirit scroll,448,64,0018BA5F,0,1,1,4294967295,0,0
spirit scroll,480,64,0006431C,0,1,1,4294967295,0,0
spirit scroll,512,64,0035B571,0,1,1,4294967295,0,0
spirit scroll,544,64,002D38D5,0,1,1,4294967295,0,0
best friend,480,32,002D4E0C,0,1,1,4294967295,0,0
wait,269,22,00091B89,0,1,1,4294967295,0,0
