object1,0,0,000AB93D,0,1,1,4294967295,0,0
object1,0,32,0007B840,0,1,1,4294967295,0,0
object1,0,64,003FAD8C,0,1,1,4294967295,0,0
object1,0,160,00163D33,0,1,1,4294967295,0,0
object1,0,192,00330FB7,0,1,1,4294967295,0,0
object1,0,224,003C3B11,0,1,1,4294967295,0,0
object1,0,256,00076408,0,1,1,4294967295,0,0
object1,0,288,0018B629,0,1,1,4294967295,0,0
object1,0,320,000A3CD0,0,1,1,4294967295,0,0
object1,0,352,00046C00,0,1,1,4294967295,0,0
object1,0,384,00223006,0,1,1,4294967295,0,0
object1,0,416,0017969D,0,1,1,4294967295,0,0
object1,0,448,0006B94A,0,1,1,4294967295,0,0
object1,32,448,002B004E,0,1,1,4294967295,0,0
object1,64,448,001CED08,0,1,1,4294967295,0,0
object1,96,448,0012D61E,0,1,1,4294967295,0,0
object1,128,448,000A1527,0,1,1,4294967295,0,0
object1,160,448,00313055,0,1,1,4294967295,0,0
object1,192,448,002F31C7,0,1,1,4294967295,0,0
object1,224,448,0037CEE5,0,1,1,4294967295,0,0
object1,256,448,00203FF9,0,1,1,4294967295,0,0
object1,288,448,0014F11E,0,1,1,4294967295,0,0
object1,320,448,000B3813,0,1,1,4294967295,0,0
object1,352,448,00229036,0,1,1,4294967295,0,0
object1,384,448,0025E7EF,0,1,1,4294967295,0,0
object1,416,448,001E8B24,0,1,1,4294967295,0,0
object1,448,448,00204F6A,0,1,1,4294967295,0,0
object1,480,448,00106B39,0,1,1,4294967295,0,0
object1,512,448,001AE8C4,0,1,1,4294967295,0,0
object1,544,448,00060593,0,1,1,4294967295,0,0
object1,576,448,00150534,0,1,1,4294967295,0,0
object1,608,448,00367D01,0,1,1,4294967295,0,0
object1,32,0,0032C119,0,1,1,4294967295,0,0
object1,64,0,0012558B,0,1,1,4294967295,0,0
object1,96,0,001A4A01,0,1,1,4294967295,0,0
object1,128,0,00053358,0,1,1,4294967295,0,0
object1,160,0,00055E60,0,1,1,4294967295,0,0
object1,192,0,001CC36E,0,1,1,4294967295,0,0
object1,224,0,003D2A2A,0,1,1,4294967295,0,0
object1,256,0,0032FAA7,0,1,1,4294967295,0,0
object1,288,0,0016D4B8,0,1,1,4294967295,0,0
object1,320,0,003BB85A,0,1,1,4294967295,0,0
object1,352,0,0034E123,0,1,1,4294967295,0,0
object1,384,0,002CDA0B,0,1,1,4294967295,0,0
object1,416,0,0032DCF7,0,1,1,4294967295,0,0
object1,448,0,0020A863,0,1,1,4294967295,0,0
object1,480,0,0038E32E,0,1,1,4294967295,0,0
object1,512,0,002E4FF5,0,1,1,4294967295,0,0
object1,544,0,00355747,0,1,1,4294967295,0,0
object1,576,0,000B50DF,0,1,1,4294967295,0,0
object1,608,0,0036E722,0,1,1,4294967295,0,0
object1,608,32,003EC8D5,0,1,1,4294967295,0,0
object1,608,64,001F559B,0,1,1,4294967295,0,0
object1,624,160,003DDB67,0,1,1,4294967295,0,0
object1,608,160,0016ED46,0,1,1,4294967295,0,0
object1,608,192,00304493,0,1,1,4294967295,0,0
object1,608,224,002C7686,0,1,1,4294967295,0,0
object1,608,256,00324AEA,0,1,1,4294967295,0,0
object1,608,288,00071EF1,0,1,1,4294967295,0,0
object1,608,320,00057F84,0,1,1,4294967295,0,0
object1,608,352,002ABCA8,0,1,1,4294967295,0,0
object1,608,384,00231087,0,1,1,4294967295,0,0
object1,608,416,0019BC27,0,1,1,4294967295,0,0
object1,32,64,00360551,0,1,1,4294967295,0,0
object1,32,160,002A359D,0,1,1,4294967295,0,0
Mike Caver,32,112,0000510C,0,1,1,4294967295,0,0
object23,0,128,00110C8F,0,1,1,4294967295,0,0
object23,0,96,00153FE8,0,1,1,4294967295,0,0
hp 1,96,416,0024CA9D,0,1,1,4294967295,0,0
hp 2,64,416,00058AE2,0,1,1,4294967295,0,0
hp 3,32,416,0005133B,0,1,1,4294967295,0,0
object1,576,160,003A0D00,0,1,1,4294967295,0,0
object1,576,64,0012DA79,0,1,1,4294967295,0,0
object21,608,112,002B869C,0,1,1,4294967295,0,0
object37,576,128,001C09E7,0,1,1,4294967295,0,0
object37,576,96,0003F126,0,1,1,4294967295,0,0
final boss,368,176,002F5892,0,1,1,4294967295,0,0
final boss's flame,352,208,00075122,0,1,1,4294967295,0,0
final boss's flame,368,80,0021870C,0,1,1,4294967295,0,0
final boss's flame,304,144,004011BA,0,1,1,4294967295,0,0
final boss's flame,272,224,003D1FAA,0,1,1,4294967295,0,0
door,448,112,003680F4,0,1,1,4294967295,0,0
door,480,112,00188BBC,0,1,1,4294967295,0,0
door,480,80,0028F327,0,1,1,4294967295,0,0
door,480,48,003324EF,0,1,1,4294967295,0,0
door,448,48,0001D1FD,0,1,1,4294967295,0,0
door,416,48,0031B3BA,0,1,1,4294967295,0,0
door,416,80,0024AF00,0,1,1,4294967295,0,0
door,416,112,00403F30,0,1,1,4294967295,0,0
key,304,352,003F2BAB,0,1,1,4294967295,0,0
guard ghosts,272,384,00208213,0,1,1,4294967295,0,0
guard ghosts,304,384,001D5293,0,1,1,4294967295,0,0
guard ghosts,336,384,0029859E,0,1,1,4294967295,0,0
guard ghosts,336,352,00358813,0,1,1,4294967295,0,0
guard ghosts,336,320,001D5BD7,0,1,1,4294967295,0,0
guard ghosts,304,320,0031EB58,0,1,1,4294967295,0,0
guard ghosts,272,320,001898D8,0,1,1,4294967295,0,0
guard ghosts,240,320,002EC092,0,1,1,4294967295,0,0
guard ghosts,240,352,002B637E,0,1,1,4294967295,0,0
guard ghosts,240,384,000315D4,0,1,1,4294967295,0,0
detonator 1,512,384,0039E8F0,0,1,1,4294967295,0,0
d2 no,271,349,001B88A6,0,1,1,4294967295,0,0
d3 no,448,79,000FEA64,0,1,1,4294967295,0,0
oldbosshp_wall,32,384,0036144D,0,1,1,4294967295,0,0
oldbosshp_wall,128,416,001F0892,0,1,1,4294967295,0,0
oldbosshp_wall,128,384,000F06C9,0,1,1,4294967295,0,0
oldbosshp_wall,96,384,0036BA58,0,1,1,4294967295,0,0
oldbosshp_wall,64,384,000E98C7,0,1,1,4294967295,0,0
bhpd_nothing,-32,0,002A95DE,0,1,1,4294967295,0,0
