object1,224,0,003CD566,0,1,1,4294967295,0,0
object1,0,0,003A7862,0,1,1,4294967295,0,0
object1,32,0,002DB5F3,0,1,1,4294967295,0,0
object1,64,0,000899FF,0,1,1,4294967295,0,0
object1,96,0,000104FA,0,1,1,4294967295,0,0
object1,128,0,003F20DE,0,1,1,4294967295,0,0
object1,160,0,001A4803,0,1,1,4294967295,0,0
object1,192,0,0036986E,0,1,1,4294967295,0,0
object1,320,0,001EA425,0,1,1,4294967295,0,0
object1,352,0,001CC14A,0,1,1,4294967295,0,0
object1,384,0,00112022,0,1,1,4294967295,0,0
object1,416,0,001B1827,0,1,1,4294967295,0,0
object1,448,0,0039C809,0,1,1,4294967295,0,0
object1,480,0,00041644,0,1,1,4294967295,0,0
object1,512,0,00176F69,0,1,1,4294967295,0,0
object1,544,0,001D209A,0,1,1,4294967295,0,0
object1,576,0,0002AA68,0,1,1,4294967295,0,0
object1,608,0,00066CAB,0,1,1,4294967295,0,0
object1,0,32,000AFB8A,0,1,1,4294967295,0,0
object1,0,64,00293366,0,1,1,4294967295,0,0
object1,0,96,003C0532,0,1,1,4294967295,0,0
object1,0,128,000BA97F,0,1,1,4294967295,0,0
object1,0,160,003D2ABE,0,1,1,4294967295,0,0
object1,0,192,0031B689,0,1,1,4294967295,0,0
object1,0,224,00237575,0,1,1,4294967295,0,0
object1,0,256,0006E792,0,1,1,4294967295,0,0
object1,0,288,000358B3,0,1,1,4294967295,0,0
object1,0,320,00046FFC,0,1,1,4294967295,0,0
object1,0,352,000CBA7E,0,1,1,4294967295,0,0
object1,0,384,000C42D3,0,1,1,4294967295,0,0
object1,0,416,00321A0D,0,1,1,4294967295,0,0
object1,0,448,0021F0EC,0,1,1,4294967295,0,0
object1,32,448,003CD63A,0,1,1,4294967295,0,0
object1,64,448,003AC2B2,0,1,1,4294967295,0,0
object1,96,448,003810CD,0,1,1,4294967295,0,0
object1,128,448,000DFF68,0,1,1,4294967295,0,0
object1,160,448,0030B581,0,1,1,4294967295,0,0
object1,192,448,003D1F34,0,1,1,4294967295,0,0
object1,224,448,0032DDAC,0,1,1,4294967295,0,0
object1,320,448,002AC353,0,1,1,4294967295,0,0
object1,352,448,00084C0D,0,1,1,4294967295,0,0
object1,384,448,00366BEB,0,1,1,4294967295,0,0
object1,416,448,00145B23,0,1,1,4294967295,0,0
object1,448,448,0031FD91,0,1,1,4294967295,0,0
object1,480,448,0018B0EA,0,1,1,4294967295,0,0
object1,512,448,003A73AD,0,1,1,4294967295,0,0
object1,544,448,000BD1BC,0,1,1,4294967295,0,0
object1,576,448,003DEA6F,0,1,1,4294967295,0,0
object1,608,448,003E034C,0,1,1,4294967295,0,0
object1,608,32,0006AC58,0,1,1,4294967295,0,0
object1,608,64,002FE717,0,1,1,4294967295,0,0
object1,608,96,001806FD,0,1,1,4294967295,0,0
object1,608,128,00156234,0,1,1,4294967295,0,0
object1,608,160,00402C6C,0,1,1,4294967295,0,0
object1,608,192,00392F7D,0,1,1,4294967295,0,0
object1,608,224,001C6999,0,1,1,4294967295,0,0
object1,608,256,0015ECD3,0,1,1,4294967295,0,0
object1,608,288,0003D651,0,1,1,4294967295,0,0
object1,608,320,002D5BC6,0,1,1,4294967295,0,0
object1,608,352,0008989B,0,1,1,4294967295,0,0
object1,608,384,000BE7DD,0,1,1,4294967295,0,0
object1,608,416,00363CF6,0,1,1,4294967295,0,0
object23,256,448,0027FABC,0,1,1,4294967295,0,0
object23,288,448,0025D1FD,0,1,1,4294967295,0,0
key,512,80,0012BB5B,0,1,1,4294967295,0,0
Mike Caver,272,416,00387A76,0,1,1,4294967295,0,0
object2,96,96,0000A3EF,0,1,1,4294967295,0,0
object2,288,192,00046C53,0,1,1,4294967295,0,0
object2,432,256,00307999,0,1,1,4294967295,0,0
object2,64,304,00126D3D,0,1,1,4294967295,0,0
object2,496,176,001F032A,0,1,1,4294967295,0,0
object1,224,32,00193ED5,0,1,1,4294967295,0,0
object1,320,32,000B934C,0,1,1,4294967295,0,0
door,256,32,001C7AD2,0,1,1,4294967295,0,0
door,288,32,0017FBB9,0,1,1,4294967295,0,0
object21,272,0,00112E90,0,1,1,4294967295,0,0
