object1,0,0,002C1399,0,1,1,4294967295,0,0
object1,0,32,001A8705,0,1,1,4294967295,0,0
object1,0,64,0011F771,0,1,1,4294967295,0,0
object1,0,96,001614E5,0,1,1,4294967295,0,0
object1,0,192,001ABD84,0,1,1,4294967295,0,0
object1,0,224,00138E1C,0,1,1,4294967295,0,0
object1,0,256,001C8C9D,0,1,1,4294967295,0,0
object1,0,288,000F2742,0,1,1,4294967295,0,0
object1,0,320,00396A57,0,1,1,4294967295,0,0
object1,0,352,00080F38,0,1,1,4294967295,0,0
object1,0,384,0020026F,0,1,1,4294967295,0,0
object1,0,416,0006E554,0,1,1,4294967295,0,0
object1,0,448,0024EB4D,0,1,1,4294967295,0,0
object1,32,448,002D610A,0,1,1,4294967295,0,0
object1,64,448,000411D1,0,1,1,4294967295,0,0
object1,96,448,000BFF78,0,1,1,4294967295,0,0
object1,128,448,003C3633,0,1,1,4294967295,0,0
object1,160,448,003705C6,0,1,1,4294967295,0,0
object1,192,448,0003BE23,0,1,1,4294967295,0,0
object1,224,448,0009E287,0,1,1,4294967295,0,0
object1,256,448,00252578,0,1,1,4294967295,0,0
object1,288,448,001380BD,0,1,1,4294967295,0,0
object1,320,448,0024CBF3,0,1,1,4294967295,0,0
object1,352,448,001D6140,0,1,1,4294967295,0,0
object1,384,448,001F692A,0,1,1,4294967295,0,0
object1,416,448,001FE2DF,0,1,1,4294967295,0,0
object1,448,448,00042670,0,1,1,4294967295,0,0
object1,480,448,000F3A71,0,1,1,4294967295,0,0
object1,512,448,00170517,0,1,1,4294967295,0,0
object1,544,448,00244C4D,0,1,1,4294967295,0,0
object1,576,448,00177510,0,1,1,4294967295,0,0
object1,608,448,0011D78C,0,1,1,4294967295,0,0
object1,608,0,00014F7F,0,1,1,4294967295,0,0
object1,608,32,003FE68B,0,1,1,4294967295,0,0
object1,608,64,000E0BA9,0,1,1,4294967295,0,0
object1,608,96,002A5F5A,0,1,1,4294967295,0,0
object1,608,128,0019DC0D,0,1,1,4294967295,0,0
object1,608,160,00335D0B,0,1,1,4294967295,0,0
object1,608,192,0016A4B7,0,1,1,4294967295,0,0
object1,608,224,00020CF4,0,1,1,4294967295,0,0
object1,608,256,00255FE6,0,1,1,4294967295,0,0
object1,608,288,001033BA,0,1,1,4294967295,0,0
object1,608,416,00135CD4,0,1,1,4294967295,0,0
object1,32,0,002BF60B,0,1,1,4294967295,0,0
object1,64,0,003451BF,0,1,1,4294967295,0,0
object1,96,0,001D8B9D,0,1,1,4294967295,0,0
object1,128,0,001EB610,0,1,1,4294967295,0,0
object1,160,0,00350CCC,0,1,1,4294967295,0,0
object1,192,0,00293920,0,1,1,4294967295,0,0
object1,224,0,00157CC1,0,1,1,4294967295,0,0
object1,256,0,000E0AE9,0,1,1,4294967295,0,0
object1,288,0,0030D544,0,1,1,4294967295,0,0
object1,320,0,001C0430,0,1,1,4294967295,0,0
object1,352,0,0030C3C0,0,1,1,4294967295,0,0
object1,384,0,0032F500,0,1,1,4294967295,0,0
object1,416,0,00379FAE,0,1,1,4294967295,0,0
object1,448,0,003FE18C,0,1,1,4294967295,0,0
object1,480,0,003F92ED,0,1,1,4294967295,0,0
object1,512,0,00271457,0,1,1,4294967295,0,0
object1,544,0,0023D90B,0,1,1,4294967295,0,0
object1,576,0,00024C62,0,1,1,4294967295,0,0
object1,32,96,00264060,0,1,1,4294967295,0,0
object1,32,192,00061C92,0,1,1,4294967295,0,0
object1,608,384,002A1FC6,0,1,1,4294967295,0,0
object1,576,288,002E8608,0,1,1,4294967295,0,0
object1,576,384,001F0248,0,1,1,4294967295,0,0
Boss door,576,352,00009A26,0,1,1,4294967295,0,0
Boss door,576,320,0034C73D,0,1,1,4294967295,0,0
object21,608,336,0023A0BA,0,1,1,4294967295,0,0
object23,0,160,00331B8D,0,1,1,4294967295,0,0
object23,0,128,00086425,0,1,1,4294967295,0,0
Mike Caver,32,144,0000022F,0,1,1,4294967295,0,0
object1,544,288,000F3318,0,1,1,4294967295,0,0
object1,544,384,002FE290,0,1,1,4294967295,0,0
detonator 1,544,48,00265AE7,0,1,1,4294967295,0,0
Boss key,544,336,0001C04D,0,1,1,4294967295,0,0
still ghost,64,192,001AB437,0,1,1,4294967295,0,0
still ghost,96,192,002AB75D,0,1,1,4294967295,0,0
still ghost,128,192,0016E808,0,1,1,4294967295,0,0
still ghost,160,192,003500FE,0,1,1,4294967295,0,0
still ghost,192,192,001673CF,0,1,1,4294967295,0,0
still ghost,192,224,0035624A,0,1,1,4294967295,0,0
still ghost,64,96,001E6A59,0,1,1,4294967295,0,0
still ghost,96,96,00376F63,0,1,1,4294967295,0,0
still ghost,128,96,0039D79E,0,1,1,4294967295,0,0
still ghost,160,96,0036EB52,0,1,1,4294967295,0,0
still ghost,192,96,0011303C,0,1,1,4294967295,0,0
still ghost,224,96,0033B2A9,0,1,1,4294967295,0,0
still ghost,256,96,001CAD78,0,1,1,4294967295,0,0
still ghost,288,96,002C351E,0,1,1,4294967295,0,0
still ghost,288,128,0021FD00,0,1,1,4294967295,0,0
still ghost,288,160,0020B216,0,1,1,4294967295,0,0
still ghost,288,192,00254A94,0,1,1,4294967295,0,0
still ghost,288,224,00229A07,0,1,1,4294967295,0,0
still ghost,288,256,0012502D,0,1,1,4294967295,0,0
still ghost,288,288,0033FFA2,0,1,1,4294967295,0,0
still ghost,288,320,002C9E88,0,1,1,4294967295,0,0
still ghost,224,320,000FB234,0,1,1,4294967295,0,0
still ghost,256,320,0037477F,0,1,1,4294967295,0,0
still ghost,192,320,002FCC6C,0,1,1,4294967295,0,0
still ghost,160,320,0034A5C2,0,1,1,4294967295,0,0
still ghost,128,320,003A0B67,0,1,1,4294967295,0,0
still ghost,96,320,000D57A3,0,1,1,4294967295,0,0
still ghost,320,320,000A2E3E,0,1,1,4294967295,0,0
still ghost,352,288,0014C33D,0,1,1,4294967295,0,0
still ghost,352,256,00339848,0,1,1,4294967295,0,0
still ghost,368,224,00305D59,0,1,1,4294967295,0,0
still ghost,384,192,0036CCC0,0,1,1,4294967295,0,0
still ghost,400,160,001534E3,0,1,1,4294967295,0,0
still ghost,416,128,003D1FC7,0,1,1,4294967295,0,0
still ghost,432,96,000E7B74,0,1,1,4294967295,0,0
still ghost,448,64,002C6659,0,1,1,4294967295,0,0
still ghost,464,32,003E2535,0,1,1,4294967295,0,0
still ghost,576,128,00303A13,0,1,1,4294967295,0,0
still ghost,560,160,000E7FAA,0,1,1,4294967295,0,0
still ghost,544,192,0016AF13,0,1,1,4294967295,0,0
still ghost,528,224,003369E1,0,1,1,4294967295,0,0
still ghost,512,256,00278F39,0,1,1,4294967295,0,0
still ghost,512,288,001FD71D,0,1,1,4294967295,0,0
still ghost,512,320,00295AB1,0,1,1,4294967295,0,0
still ghost,512,352,00046294,0,1,1,4294967295,0,0
still ghost,512,384,00254642,0,1,1,4294967295,0,0
still ghost,480,384,000904E1,0,1,1,4294967295,0,0
still ghost,448,384,00222B3E,0,1,1,4294967295,0,0
still ghost,416,384,0024F827,0,1,1,4294967295,0,0
still ghost,416,416,000C2084,0,1,1,4294967295,0,0
still ghost,384,416,00120F07,0,1,1,4294967295,0,0
still ghost,352,416,00164104,0,1,1,4294967295,0,0
still ghost,320,416,001634AD,0,1,1,4294967295,0,0
still ghost,288,416,000E6858,0,1,1,4294967295,0,0
still ghost,256,416,0037D965,0,1,1,4294967295,0,0
still ghost,224,416,00330F3F,0,1,1,4294967295,0,0
still ghost,192,416,001A50B4,0,1,1,4294967295,0,0
still ghost,160,416,0003F689,0,1,1,4294967295,0,0
still ghost,128,416,0029F225,0,1,1,4294967295,0,0
still ghost,96,416,002EC6F9,0,1,1,4294967295,0,0
still ghost,64,416,0014A915,0,1,1,4294967295,0,0
still ghost,32,416,002D1EB9,0,1,1,4294967295,0,0
