object1,0,0,000039AB,0,1,1,4294967295,0,0
object1,0,32,003F68D3,0,1,1,4294967295,0,0
object1,0,64,002A7F2D,0,1,1,4294967295,0,0
object1,0,160,0000B3F6,0,1,1,4294967295,0,0
object1,0,192,0031FB10,0,1,1,4294967295,0,0
object1,0,224,0028109D,0,1,1,4294967295,0,0
object1,0,256,0032D30F,0,1,1,4294967295,0,0
object1,0,288,003CE37B,0,1,1,4294967295,0,0
object1,0,320,002D9949,0,1,1,4294967295,0,0
object1,0,352,0024C609,0,1,1,4294967295,0,0
object1,0,384,000B2401,0,1,1,4294967295,0,0
object1,0,416,000060B1,0,1,1,4294967295,0,0
object1,0,448,001F866A,0,1,1,4294967295,0,0
object1,32,448,002E4F99,0,1,1,4294967295,0,0
object1,64,448,000996E2,0,1,1,4294967295,0,0
object1,96,448,000983D5,0,1,1,4294967295,0,0
object1,128,448,003EEFD0,0,1,1,4294967295,0,0
object1,160,448,0017F68D,0,1,1,4294967295,0,0
object1,192,448,00035F90,0,1,1,4294967295,0,0
object1,224,448,003705D2,0,1,1,4294967295,0,0
object1,256,448,001947DC,0,1,1,4294967295,0,0
object1,288,448,0019C00E,0,1,1,4294967295,0,0
object1,320,448,0039E467,0,1,1,4294967295,0,0
object1,352,448,0011202B,0,1,1,4294967295,0,0
object1,384,448,001A9E85,0,1,1,4294967295,0,0
object1,416,448,003CF7B9,0,1,1,4294967295,0,0
object1,448,448,0037644E,0,1,1,4294967295,0,0
object1,480,448,000C8C34,0,1,1,4294967295,0,0
object1,512,448,00300E7C,0,1,1,4294967295,0,0
object1,544,448,001BA6A6,0,1,1,4294967295,0,0
object1,576,448,000B1245,0,1,1,4294967295,0,0
object1,608,448,001A8FB6,0,1,1,4294967295,0,0
object1,608,416,003C8264,0,1,1,4294967295,0,0
object1,608,384,00335C3B,0,1,1,4294967295,0,0
object1,608,352,001B6D75,0,1,1,4294967295,0,0
object1,608,320,00324D17,0,1,1,4294967295,0,0
object1,608,288,00205051,0,1,1,4294967295,0,0
object1,608,224,0015078B,0,1,1,4294967295,0,0
object1,608,192,001A7187,0,1,1,4294967295,0,0
object1,608,160,0007384E,0,1,1,4294967295,0,0
object1,608,32,002797DA,0,1,1,4294967295,0,0
object1,608,0,00184BD0,0,1,1,4294967295,0,0
object1,576,0,003A19B4,0,1,1,4294967295,0,0
object1,544,0,00363DC5,0,1,1,4294967295,0,0
object1,512,0,00004C81,0,1,1,4294967295,0,0
object1,480,0,003A3CD7,0,1,1,4294967295,0,0
object1,448,0,000714AC,0,1,1,4294967295,0,0
object1,416,0,003B62C1,0,1,1,4294967295,0,0
object1,384,0,002F58D5,0,1,1,4294967295,0,0
object1,352,0,002AFD2E,0,1,1,4294967295,0,0
object1,320,0,002A8529,0,1,1,4294967295,0,0
object1,288,0,001E9AA9,0,1,1,4294967295,0,0
object1,256,0,00012530,0,1,1,4294967295,0,0
object1,224,0,0018BF8A,0,1,1,4294967295,0,0
object1,192,0,00160447,0,1,1,4294967295,0,0
object1,160,0,0008562D,0,1,1,4294967295,0,0
object1,128,0,00118D56,0,1,1,4294967295,0,0
object1,96,0,0014C8EB,0,1,1,4294967295,0,0
object1,64,0,003E8934,0,1,1,4294967295,0,0
object1,32,0,0007596B,0,1,1,4294967295,0,0
object1,32,64,0003C810,0,1,1,4294967295,0,0
object1,32,160,00039DFB,0,1,1,4294967295,0,0
object1,608,256,000751A6,0,1,1,4294967295,0,0
object1,608,64,001EF2CB,0,1,1,4294967295,0,0
object1,576,64,0026FF39,0,1,1,4294967295,0,0
object1,576,160,00175A7B,0,1,1,4294967295,0,0
object37,576,128,0021929A,0,1,1,4294967295,0,0
object37,576,96,0003E72D,0,1,1,4294967295,0,0
object23,0,128,0002C466,0,1,1,4294967295,0,0
object23,0,96,00214DC7,0,1,1,4294967295,0,0
object21,608,112,0021A128,0,1,1,4294967295,0,0
hp 1,96,416,0000B77F,0,1,1,4294967295,0,0
hp 2,64,416,00257792,0,1,1,4294967295,0,0
hp 3,32,416,001C845A,0,1,1,4294967295,0,0
boss 1,416,176,002E7ECA,0,1,1,4294967295,0,0
door,304,112,0004EB49,0,1,1,4294967295,0,0
door,336,112,000FA81F,0,1,1,4294967295,0,0
door,336,80,001E356A,0,1,1,4294967295,0,0
door,336,48,002F69B0,0,1,1,4294967295,0,0
door,304,48,003A1DEA,0,1,1,4294967295,0,0
door,272,48,0038579A,0,1,1,4294967295,0,0
door,272,80,002BA2F5,0,1,1,4294967295,0,0
door,272,112,00369ECC,0,1,1,4294967295,0,0
guard ghosts,464,336,0002563A,0,1,1,4294967295,0,0
guard ghosts,464,368,00242B93,0,1,1,4294967295,0,0
phantom ghost,400,208,00047CF0,0,1,1,4294967295,0,0
phantom ghost,368,176,00321C73,0,1,1,4294967295,0,0
phantom ghost,368,224,001BF09D,0,1,1,4294967295,0,0
Mike Caver,32,112,002B0A84,0,1,1,4294967295,0,0
key,528,368,00020929,0,1,1,4294967295,0,0
guard ghosts,496,336,003EEA42,0,1,1,4294967295,0,0
guard ghosts,528,336,002974FD,0,1,1,4294967295,0,0
guard ghosts,560,336,000773AF,0,1,1,4294967295,0,0
guard ghosts,560,368,0036E836,0,1,1,4294967295,0,0
guard ghosts,560,400,00082091,0,1,1,4294967295,0,0
guard ghosts,464,400,003DF7D8,0,1,1,4294967295,0,0
guard ghosts,496,400,00293BDE,0,1,1,4294967295,0,0
guard ghosts,528,400,0010FB80,0,1,1,4294967295,0,0
boss battle (midi),640,480,00300637,0,1,1,4294967295,0,0
d2 no,497,366,000DEA30,0,1,1,4294967295,0,0
d3 no,303,80,000841A2,0,1,1,4294967295,0,0
detonator 1,256,352,000E2B61,0,1,1,4294967295,0,0
oldbosshp_wall,128,416,0007E000,0,1,1,4294967295,0,0
oldbosshp_wall,128,384,000010FB,0,1,1,4294967295,0,0
oldbosshp_wall,96,384,0011762E,0,1,1,4294967295,0,0
oldbosshp_wall,64,384,001D06E4,0,1,1,4294967295,0,0
oldbosshp_wall,32,384,003B1590,0,1,1,4294967295,0,0
bhpd_nothing,-32,0,002130DB,0,1,1,4294967295,0,0
